  -2000.0000000000000        0.0000000000000000     
  -1996.0000000000000        0.0000000000000000     
  -1992.0000000000000        0.0000000000000000     
  -1988.0000000000000        0.0000000000000000     
  -1984.0000000000000        0.0000000000000000     
  -1980.0000000000000        0.0000000000000000     
  -1976.0000000000000        0.0000000000000000     
  -1972.0000000000000        0.0000000000000000     
  -1968.0000000000000        0.0000000000000000     
  -1964.0000000000000        0.0000000000000000     
  -1960.0000000000000        0.0000000000000000     
  -1956.0000000000000        0.0000000000000000     
  -1952.0000000000000        0.0000000000000000     
  -1948.0000000000000        0.0000000000000000     
  -1944.0000000000000        0.0000000000000000     
  -1940.0000000000000        0.0000000000000000     
  -1936.0000000000000        0.0000000000000000     
  -1932.0000000000000        0.0000000000000000     
  -1928.0000000000000        0.0000000000000000     
  -1924.0000000000000        0.0000000000000000     
  -1920.0000000000000        0.0000000000000000     
  -1916.0000000000000        0.0000000000000000     
  -1912.0000000000000        0.0000000000000000     
  -1908.0000000000000        0.0000000000000000     
  -1904.0000000000000        0.0000000000000000     
  -1900.0000000000000        0.0000000000000000     
  -1896.0000000000000        0.0000000000000000     
  -1892.0000000000000        0.0000000000000000     
  -1888.0000000000000        0.0000000000000000     
  -1884.0000000000000        0.0000000000000000     
  -1880.0000000000000        0.0000000000000000     
  -1876.0000000000000        0.0000000000000000     
  -1872.0000000000000        0.0000000000000000     
  -1868.0000000000000        0.0000000000000000     
  -1864.0000000000000        0.0000000000000000     
  -1860.0000000000000        0.0000000000000000     
  -1856.0000000000000        0.0000000000000000     
  -1852.0000000000000        0.0000000000000000     
  -1848.0000000000000        0.0000000000000000     
  -1844.0000000000000        0.0000000000000000     
  -1840.0000000000000        0.0000000000000000     
  -1836.0000000000000        0.0000000000000000     
  -1832.0000000000000        0.0000000000000000     
  -1828.0000000000000        0.0000000000000000     
  -1824.0000000000000        0.0000000000000000     
  -1820.0000000000000        0.0000000000000000     
  -1816.0000000000000        0.0000000000000000     
  -1812.0000000000000        0.0000000000000000     
  -1808.0000000000000        0.0000000000000000     
  -1804.0000000000000        0.0000000000000000     
  -1800.0000000000000        0.0000000000000000     
  -1796.0000000000000        0.0000000000000000     
  -1792.0000000000000        0.0000000000000000     
  -1788.0000000000000        0.0000000000000000     
  -1784.0000000000000        0.0000000000000000     
  -1780.0000000000000        0.0000000000000000     
  -1776.0000000000000        0.0000000000000000     
  -1772.0000000000000        0.0000000000000000     
  -1768.0000000000000        0.0000000000000000     
  -1764.0000000000000        0.0000000000000000     
  -1760.0000000000000        0.0000000000000000     
  -1756.0000000000000        0.0000000000000000     
  -1752.0000000000000        0.0000000000000000     
  -1748.0000000000000        0.0000000000000000     
  -1744.0000000000000        0.0000000000000000     
  -1740.0000000000000        0.0000000000000000     
  -1736.0000000000000        0.0000000000000000     
  -1732.0000000000000        0.0000000000000000     
  -1728.0000000000000        0.0000000000000000     
  -1724.0000000000000        0.0000000000000000     
  -1720.0000000000000        0.0000000000000000     
  -1716.0000000000000        0.0000000000000000     
  -1712.0000000000000        0.0000000000000000     
  -1708.0000000000000        0.0000000000000000     
  -1704.0000000000000        0.0000000000000000     
  -1700.0000000000000        1.0157127852786732E-023
  -1696.0000000000000        4.9018080569985840E-023
  -1692.0000000000000        2.2330075413653961E-022
  -1688.0000000000000        9.9993473389143475E-022
  -1684.0000000000000        4.3942477862873067E-021
  -1680.0000000000000        1.8947246551504878E-020
  -1676.0000000000000        8.0144422422365700E-020
  -1672.0000000000000        3.3249128358484617E-019
  -1668.0000000000000        1.3526266194596054E-018
  -1664.0000000000000        5.3947815283589477E-018
  -1660.0000000000000        2.1089779646183512E-017
  -1656.0000000000000        8.0792798987983340E-017
  -1652.0000000000000        3.0322977592172006E-016
  -1648.0000000000000        1.1147088993937893E-015
  -1644.0000000000000        4.0126271244216983E-015
  -1640.0000000000000        1.4140222915155507E-014
  -1636.0000000000000        4.8766435794846821E-014
  -1632.0000000000000        1.6454879373144950E-013
  -1628.0000000000000        5.4305394148859508E-013
  -1624.0000000000000        1.7523669963485810E-012
  -1620.0000000000000        5.5270495264669908E-012
  -1616.0000000000000        1.7033065143580437E-011
  -1612.0000000000000        5.1269655840111929E-011
  -1608.0000000000000        1.5066920852816171E-010
  -1604.0000000000000        4.3211980246839948E-010
  -1600.0000000000000        1.2089499995839565E-009
  -1596.0000000000000        3.2978812566858992E-009
  -1592.0000000000000        8.7673891126929657E-009
  -1588.0000000000000        2.2703209981585837E-008
  -1584.0000000000000        5.7232795309867070E-008
  -1580.0000000000000        1.4037407865344640E-007
  -1576.0000000000000        3.3476484759318344E-007
  -1572.0000000000000        7.7573253052290975E-007
  -1568.0000000000000        1.7453859426932845E-006
  -1564.0000000000000        3.8101694691161952E-006
  -1560.0000000000000        8.0632927489455368E-006
  -1556.0000000000000        1.6527671094095930E-005
  -1552.0000000000000        3.2781547340509237E-005
  -1548.0000000000000        6.2852546585472833E-005
  -1544.0000000000000        1.1636355278025039E-004
  -1540.0000000000000        2.0777998950830841E-004
  -1536.0000000000000        3.5739008897168540E-004
  -1532.0000000000000        5.9137508475697520E-004
  -1528.0000000000000        9.4009663805118965E-004
  -1524.0000000000000        1.4337391176903762E-003
  -1520.0000000000000        2.0949494258326318E-003
  -1516.0000000000000        2.9293055630915661E-003
  -1512.0000000000000        3.9162158980811396E-003
  -1508.0000000000000        5.0045763184165841E-003
  -1504.0000000000000        6.1179916526571225E-003
  -1500.0000000000000        7.1722342093088181E-003
  -1496.0000000000000        8.1023026002027352E-003
  -1492.0000000000000        8.8893946982837608E-003
  -1488.0000000000000        9.5732486597582423E-003
  -1484.0000000000000        1.0237687260186290E-002
  -1480.0000000000000        1.0969418539212674E-002
  -1476.0000000000000        1.1808219451511897E-002
  -1472.0000000000000        1.2719100762386618E-002
  -1468.0000000000000        1.3610791482610117E-002
  -1464.0000000000000        1.4396563251019139E-002
  -1460.0000000000000        1.5058451100941924E-002
  -1456.0000000000000        1.5663394690524513E-002
  -1452.0000000000000        1.6309898301953580E-002
  -1448.0000000000000        1.7042363308763821E-002
  -1444.0000000000000        1.7808187254987652E-002
  -1440.0000000000000        1.8504614293755044E-002
  -1436.0000000000000        1.9078938815831475E-002
  -1432.0000000000000        1.9583352613933215E-002
  -1428.0000000000000        2.0120256191758366E-002
  -1424.0000000000000        2.0728489053182343E-002
  -1420.0000000000000        2.1336778622965229E-002
  -1416.0000000000000        2.1846004920590752E-002
  -1412.0000000000000        2.2249606260316676E-002
  -1408.0000000000000        2.2642304588332919E-002
  -1404.0000000000000        2.3097404415822715E-002
  -1400.0000000000000        2.3567908248662405E-002
  -1396.0000000000000        2.3949187784371457E-002
  -1392.0000000000000        2.4225102083275090E-002
  -1388.0000000000000        2.4491319552382814E-002
  -1384.0000000000000        2.4814173058070120E-002
  -1380.0000000000000        2.5129699654513688E-002
  -1376.0000000000000        2.5341278947610357E-002
  -1372.0000000000000        2.5471506160187510E-002
  -1368.0000000000000        2.5625800570472670E-002
  -1364.0000000000000        2.5819000781700314E-002
  -1360.0000000000000        2.5949954997860708E-002
  -1356.0000000000000        2.5973776801961727E-002
  -1352.0000000000000        2.5979766444446054E-002
  -1348.0000000000000        2.6033279532017790E-002
  -1344.0000000000000        2.6057934466165219E-002
  -1340.0000000000000        2.5975488778354160E-002
  -1336.0000000000000        2.5851498805488857E-002
  -1332.0000000000000        2.5771313100015462E-002
  -1328.0000000000000        2.5676353518335519E-002
  -1324.0000000000000        2.5478811115780708E-002
  -1320.0000000000000        2.5235673798931806E-002
  -1316.0000000000000        2.5034435172149871E-002
  -1312.0000000000000        2.4815562013905453E-002
  -1308.0000000000000        2.4496253131323562E-002
  -1304.0000000000000        2.4144067150826492E-002
  -1300.0000000000000        2.3834133978425539E-002
  -1296.0000000000000        2.3489020701445533E-002
  -1292.0000000000000        2.3048185797554802E-002
  -1288.0000000000000        2.2601668149654829E-002
  -1284.0000000000000        2.2190519658069723E-002
  -1280.0000000000000        2.1716059467705617E-002
  -1276.0000000000000        2.1165850359080654E-002
  -1272.0000000000000        2.0643009200569606E-002
  -1268.0000000000000        2.0127782506533597E-002
  -1264.0000000000000        1.9526078088648768E-002
  -1260.0000000000000        1.8894162545897552E-002
  -1256.0000000000000        1.8304779055253486E-002
  -1252.0000000000000        1.7673206645038166E-002
  -1248.0000000000000        1.6966570992569707E-002
  -1244.0000000000000        1.6286139818755496E-002
  -1240.0000000000000        1.5617002629956833E-002
  -1236.0000000000000        1.4868325614144520E-002
  -1232.0000000000000        1.4105379519776091E-002
  -1228.0000000000000        1.3384227076788604E-002
  -1224.0000000000000        1.2610102707945029E-002
  -1220.0000000000000        1.1786297005659028E-002
  -1216.0000000000000        1.1007083716989170E-002
  -1212.0000000000000        1.0211454583269377E-002
  -1208.0000000000000        9.3486737402885701E-003
  -1204.0000000000000        8.5161822494990193E-003
  -1200.0000000000000        7.6987819472608826E-003
  -1196.0000000000000        6.8135385029139727E-003
  -1192.0000000000000        5.9393834962675855E-003
  -1188.0000000000000        5.1014920127956196E-003
  -1184.0000000000000        4.2050042372935911E-003
  -1180.0000000000000        3.3031625001117676E-003
  -1176.0000000000000        2.4495071299575478E-003
  -1172.0000000000000        1.5498090210734454E-003
  -1168.0000000000000        6.3396994227028693E-004
  -1164.0000000000000       -2.2767696940299026E-004
  -1160.0000000000000       -1.1238315541864719E-003
  -1156.0000000000000       -2.0411726986773763E-003
  -1152.0000000000000       -2.9011359878960692E-003
  -1148.0000000000000       -3.7872289972947829E-003
  -1144.0000000000000       -4.6946938241755167E-003
  -1140.0000000000000       -5.5424805951992335E-003
  -1136.0000000000000       -6.4118952882817395E-003
  -1132.0000000000000       -7.2987812483472922E-003
  -1128.0000000000000       -8.1239145444712575E-003
  -1124.0000000000000       -8.9699537689280455E-003
  -1120.0000000000000       -9.8257651980183207E-003
  -1116.0000000000000       -1.0618443599631830E-002
  -1112.0000000000000       -1.1434381476964579E-002
  -1108.0000000000000       -1.2248500398976823E-002
  -1104.0000000000000       -1.3000196906825056E-002
  -1100.0000000000000       -1.3779133246604337E-002
  -1096.0000000000000       -1.4540768769104170E-002
  -1092.0000000000000       -1.5244780434189054E-002
  -1088.0000000000000       -1.5979173754932064E-002
  -1084.0000000000000       -1.6677769191242052E-002
  -1080.0000000000000       -1.7329543765468719E-002
  -1076.0000000000000       -1.8010476538732324E-002
  -1072.0000000000000       -1.8636744868254465E-002
  -1068.0000000000000       -1.9233609226265484E-002
  -1064.0000000000000       -1.9850141869393097E-002
  -1060.0000000000000       -2.0397692432645425E-002
  -1056.0000000000000       -2.0937545652026920E-002
  -1052.0000000000000       -2.1476886296288328E-002
  -1048.0000000000000       -2.1943890083961946E-002
  -1044.0000000000000       -2.2422762322130578E-002
  -1040.0000000000000       -2.2872127181635928E-002
  -1036.0000000000000       -2.3261769665154839E-002
  -1032.0000000000000       -2.3671086026995688E-002
  -1028.0000000000000       -2.4021536178824243E-002
  -1024.0000000000000       -2.4339712688809426E-002
  -1020.0000000000000       -2.4665365229077502E-002
  -1016.0000000000000       -2.4916228178704768E-002
  -1012.0000000000000       -2.5166019391297888E-002
  -1008.0000000000000       -2.5391776210460893E-002
  -1004.0000000000000       -2.5552141898539955E-002
  -1000.0000000000000       -2.5727551572820397E-002
  -996.00000000000000       -2.5843210875392746E-002
  -992.00000000000000       -2.5926697821931369E-002
  -988.00000000000000       -2.6011363830658274E-002
  -984.00000000000000       -2.6021052614391017E-002
  -980.00000000000000       -2.6034274831142751E-002
  -976.00000000000000       -2.6010165177736660E-002
  -972.00000000000000       -2.5931967614795194E-002
  -968.00000000000000       -2.5865114527699594E-002
  -964.00000000000000       -2.5728078692015290E-002
  -960.00000000000000       -2.5579901943692168E-002
  -956.00000000000000       -2.5411739009471163E-002
  -952.00000000000000       -2.5179526333463480E-002
  -948.00000000000000       -2.4960421246652598E-002
  -944.00000000000000       -2.4679567837265819E-002
  -940.00000000000000       -2.4378128497142118E-002
  -936.00000000000000       -2.4066771487005572E-002
  -932.00000000000000       -2.3689446563749238E-002
  -928.00000000000000       -2.3325341961016155E-002
  -924.00000000000000       -2.2905783692901693E-002
  -920.00000000000000       -2.2463613327786219E-002
  -916.00000000000000       -2.2015734013695897E-002
  -912.00000000000000       -2.1504492627413756E-002
  -908.00000000000000       -2.1008179222735325E-002
  -904.00000000000000       -2.0458853237678869E-002
  -900.00000000000000       -1.9892093747452787E-002
  -896.00000000000000       -1.9319005417248448E-002
  -892.00000000000000       -1.8688726459916170E-002
  -888.00000000000000       -1.8076587922004748E-002
  -884.00000000000000       -1.7410744087828230E-002
  -880.00000000000000       -1.6738951821443641E-002
  -876.00000000000000       -1.6055207469029307E-002
  -872.00000000000000       -1.5325410090140230E-002
  -868.00000000000000       -1.4615691503293712E-002
  -864.00000000000000       -1.3851310221897258E-002
  -860.00000000000000       -1.3096632697025849E-002
  -856.00000000000000       -1.2319314796183737E-002
  -852.00000000000000       -1.1514328844199362E-002
  -848.00000000000000       -1.0725485941164665E-002
  -844.00000000000000       -9.8861322994191290E-003
  -840.00000000000000       -9.0711886705535563E-003
  -836.00000000000000       -8.2206942871356666E-003
  -832.00000000000000       -7.3681979761523950E-003
  -828.00000000000000       -6.5182207365759104E-003
  -824.00000000000000       -5.6335981230449641E-003
  -820.00000000000000       -4.7784794257814513E-003
  -816.00000000000000       -3.8810309859825787E-003
  -812.00000000000000       -3.0079657375478431E-003
  -808.00000000000000       -2.1165065870383886E-003
  -804.00000000000000       -1.2203354825458602E-003
  -800.00000000000000       -3.4127317409809684E-004
  -796.00000000000000        5.6889903087134475E-004
  -792.00000000000000        1.4420135052191523E-003
  -788.00000000000000        2.3481261937830845E-003
  -784.00000000000000        3.2252453009457755E-003
  -780.00000000000000        4.1114712028483182E-003
  -776.00000000000000        4.9954937627532288E-003
  -772.00000000000000        5.8562420404117800E-003
  -768.00000000000000        6.7389146440441500E-003
  -764.00000000000000        7.5787072487394939E-003
  -760.00000000000000        8.4446107295341848E-003
  -756.00000000000000        9.2713896636789674E-003
  -752.00000000000000        1.0105975143504973E-002
  -748.00000000000000        1.0923297930537564E-002
  -744.00000000000000        1.1719245690856927E-002
  -740.00000000000000        1.2522338646567053E-002
  -736.00000000000000        1.3280767101005911E-002
  -732.00000000000000        1.4058037658866393E-002
  -728.00000000000000        1.4784839234082952E-002
  -724.00000000000000        1.5522991250703982E-002
  -720.00000000000000        1.6223225843002436E-002
  -716.00000000000000        1.6912566237367539E-002
  -712.00000000000000        1.7586229271765633E-002
  -708.00000000000000        1.8223414877967557E-002
  -704.00000000000000        1.8864449877311701E-002
  -700.00000000000000        1.9451824651537022E-002
  -696.00000000000000        2.0050236007115304E-002
  -692.00000000000000        2.0592737849116621E-002
  -688.00000000000000        2.1138235647553315E-002
  -684.00000000000000        2.1639744678196897E-002
  -680.00000000000000        2.2125024475951924E-002
  -676.00000000000000        2.2585837704320565E-002
  -672.00000000000000        2.3008194917626696E-002
  -668.00000000000000        2.3424444787055809E-002
  -664.00000000000000        2.3785413443301401E-002
  -660.00000000000000        2.4150271610238770E-002
  -656.00000000000000        2.4453828986355723E-002
  -652.00000000000000        2.4759685317618327E-002
  -648.00000000000000        2.5009975629988128E-002
  -644.00000000000000        2.5250615785567716E-002
  -640.00000000000000        2.5450090405175377E-002
  -636.00000000000000        2.5622130819571411E-002
  -632.00000000000000        2.5770641145433391E-002
  -628.00000000000000        2.5873910432818861E-002
  -624.00000000000000        2.5968844069720533E-002
  -620.00000000000000        2.6005815438449029E-002
  -616.00000000000000        2.6043014653361368E-002
  -612.00000000000000        2.6017660202570542E-002
  -608.00000000000000        2.5992690246143670E-002
  -604.00000000000000        2.5909205557326707E-002
  -600.00000000000000        2.5818547451245639E-002
  -596.00000000000000        2.5680318407862814E-002
  -592.00000000000000        2.5522188499731053E-002
  -588.00000000000000        2.5331212560607098E-002
  -584.00000000000000        2.5105884649436173E-002
  -580.00000000000000        2.4862687442005548E-002
  -576.00000000000000        2.4572349804925592E-002
  -572.00000000000000        2.4276305357113673E-002
  -568.00000000000000        2.3924588073380087E-002
  -564.00000000000000        2.3574479675379852E-002
  -560.00000000000000        2.3165827816486316E-002
  -556.00000000000000        2.2760474784239745E-002
  -552.00000000000000        2.2299530567601270E-002
  -548.00000000000000        2.1838337746334761E-002
  -544.00000000000000        2.1329449556749171E-002
  -540.00000000000000        2.0812789936012169E-002
  -536.00000000000000        2.0259709100583823E-002
  -532.00000000000000        1.9689106321921772E-002
  -528.00000000000000        1.9094880019918613E-002
  -524.00000000000000        1.8473003790512942E-002
  -520.00000000000000        1.7840034074926084E-002
  -516.00000000000000        1.7170551339651060E-002
  -512.00000000000000        1.6500769095681028E-002
  -508.00000000000000        1.5788106729423230E-002
  -504.00000000000000        1.5083203934423389E-002
  -500.00000000000000        1.4332277818808007E-002
  -496.00000000000000        1.3593947532876939E-002
  -492.00000000000000        1.2809902918219124E-002
  -488.00000000000000        1.2040049104431847E-002
  -484.00000000000000        1.1228042909006792E-002
  -480.00000000000000        1.0428937055385884E-002
  -476.00000000000000        9.5939780808897458E-003
  -472.00000000000000        8.7683534469188539E-003
  -468.00000000000000        7.9152039450380938E-003
  -464.00000000000000        7.0662891926299189E-003
  -460.00000000000000        6.1994220752707285E-003
  -456.00000000000000        5.3309233465493149E-003
  -452.00000000000000        4.4545238430562751E-003
  -448.00000000000000        3.5705681449799882E-003
  -444.00000000000000        2.6885664500648221E-003
  -440.00000000000000        1.7936201330212285E-003
  -436.00000000000000        9.0974178890209192E-004
  -432.00000000000000        8.5168046055200088E-006
  -428.00000000000000       -8.7366063973270795E-004
  -424.00000000000000       -1.7763023106997754E-003
  -420.00000000000000       -2.6532952014486320E-003
  -416.00000000000000       -3.5524313472258362E-003
  -412.00000000000000       -4.4208044017057047E-003
  -408.00000000000000       -5.3115317559332487E-003
  -404.00000000000000       -6.1678645119576277E-003
  -400.00000000000000       -7.0453648715926983E-003
  -396.00000000000000       -7.8862313478147827E-003
  -392.00000000000000       -8.7458240878051582E-003
  -388.00000000000000       -9.5677852778473290E-003
  -384.00000000000000       -1.0404967059256469E-002
  -380.00000000000000       -1.1204574808509917E-002
  -376.00000000000000       -1.2015048106059590E-002
  -372.00000000000000       -1.2788858318706502E-002
  -368.00000000000000       -1.3568550798298067E-002
  -364.00000000000000       -1.4313143695376356E-002
  -360.00000000000000       -1.5058220555450365E-002
  -356.00000000000000       -1.5770225748290290E-002
  -352.00000000000000       -1.6477097002382157E-002
  -348.00000000000000       -1.7153221363635219E-002
  -344.00000000000000       -1.7818545773443356E-002
  -340.00000000000000       -1.8455602400671060E-002
  -336.00000000000000       -1.9076289439456936E-002
  -332.00000000000000       -1.9671226353370215E-002
  -328.00000000000000       -2.0244437239542733E-002
  -324.00000000000000       -2.0794364798441260E-002
  -320.00000000000000       -2.1317513322432806E-002
  -316.00000000000000       -2.1819729640021650E-002
  -312.00000000000000       -2.2290483233447785E-002
  -308.00000000000000       -2.2742497145411374E-002
  -304.00000000000000       -2.3158778418549422E-002
  -300.00000000000000       -2.3558329749661933E-002
  -296.00000000000000       -2.3918318552433673E-002
  -292.00000000000000       -2.4263395592299088E-002
  -288.00000000000000       -2.4565531531301178E-002
  -284.00000000000000       -2.4854385738482643E-002
  -280.00000000000000       -2.5097371001594135E-002
  -276.00000000000000       -2.5328529030113383E-002
  -272.00000000000000       -2.5511331323226596E-002
  -268.00000000000000       -2.5683604509857093E-002
  -264.00000000000000       -2.5805459889677904E-002
  -260.00000000000000       -2.5917951362433335E-002
  -256.00000000000000       -2.5978366748132167E-002
  -252.00000000000000       -2.6030476322294188E-002
  -248.00000000000000       -2.6029231481074486E-002
  -244.00000000000000       -2.6020658504372286E-002
  -240.00000000000000       -2.5957807326917205E-002
  -236.00000000000000       -2.5888551624317128E-002
  -232.00000000000000       -2.5764422531793275E-002
  -228.00000000000000       -2.5634783585976442E-002
  -224.00000000000000       -2.5449978938026616E-002
  -220.00000000000000       -2.5260553426343913E-002
  -216.00000000000000       -2.5015947827324001E-002
  -212.00000000000000       -2.4767625621357345E-002
  -208.00000000000000       -2.4464363048659402E-002
  -204.00000000000000       -2.4158321769459409E-002
  -200.00000000000000       -2.3797811472346064E-002
  -196.00000000000000       -2.3435509683469871E-002
  -192.00000000000000       -2.3019420823006273E-002
  -188.00000000000000       -2.2602589934841006E-002
  -184.00000000000000       -2.2132844955138863E-002
  -180.00000000000000       -2.1663479907630300E-002
  -176.00000000000000       -2.1142246645763887E-002
  -172.00000000000000       -2.0622595432407576E-002
  -168.00000000000000       -2.0052277989180134E-002
  -164.00000000000000       -1.9484830082708196E-002
  -160.00000000000000       -1.8868058489195979E-002
  -156.00000000000000       -1.8255532228502052E-002
  -152.00000000000000       -1.7595150954224658E-002
  -148.00000000000000       -1.6940479952379836E-002
  -144.00000000000000       -1.6239535310350703E-002
  -140.00000000000000       -1.5545853944726889E-002
  -136.00000000000000       -1.4807580456828506E-002
  -132.00000000000000       -1.4078208503975263E-002
  -128.00000000000000       -1.3306014297471871E-002
  -124.00000000000000       -1.2544440776981827E-002
  -120.00000000000000       -1.1741892090099916E-002
  -116.00000000000000       -1.0951758382444705E-002
  -112.00000000000000       -1.0122563264908613E-002
  -108.00000000000000       -9.3076455664676139E-003
  -104.00000000000000       -8.4556368722059887E-003
  -100.00000000000000       -7.6198280422806733E-003
  -96.000000000000000       -6.7489458331873699E-003
  -92.000000000000000       -5.8962366604687457E-003
  -88.000000000000000       -5.0105101943509721E-003
  -84.000000000000000       -4.1449700217255298E-003
  -80.000000000000000       -3.2484996689083907E-003
  -76.000000000000000       -2.3742559871219289E-003
  -72.000000000000000       -1.4711961120402537E-003
  -68.000000000000000       -5.9241117388238716E-004
  -64.000000000000000        3.1304106538437794E-004
  -60.000000000000000        1.1922098573476589E-003
  -56.000000000000000        2.0957747476302553E-003
  -52.000000000000000        2.9714469430864600E-003
  -48.000000000000000        3.8646984617273835E-003
  -44.000000000000000        4.6980699497566588E-003
  -40.000000000000000        5.5131275285911973E-003
  -36.000000000000000        6.2504650615761853E-003
  -32.000000000000000        6.9551604025137378E-003
  -28.000000000000000        7.5685293903574070E-003
  -24.000000000000000        8.1369137921030784E-003
  -20.000000000000000        8.6028654582608905E-003
  -16.000000000000000        9.0141323815088707E-003
  -12.000000000000000        9.3147277910067289E-003
  -8.0000000000000000        9.5539603091565860E-003
  -4.0000000000000000        9.6774521522702498E-003
   0.0000000000000000        9.7361779914604662E-003
   4.0000000000000000        9.6774521522669001E-003
   8.0000000000000000        9.5539603091499489E-003
   12.000000000000000        9.3147277909968167E-003
   16.000000000000000        9.0141323814958065E-003
   20.000000000000000        8.6028654582449068E-003
   24.000000000000000        8.1369137920843122E-003
   28.000000000000000        7.5685293903359832E-003
   32.000000000000000        6.9551604024899235E-003
   36.000000000000000        6.2504650615501887E-003
   40.000000000000000        5.5131275285632527E-003
   44.000000000000000        4.6980699497270227E-003
   48.000000000000000        3.8646984616963085E-003
   52.000000000000000        2.9714469430541664E-003
   56.000000000000000        2.0957747475968667E-003
   60.000000000000000        1.1922098573131966E-003
   64.000000000000000        3.1304106534887281E-004
   68.000000000000000       -5.9241117391885788E-004
   72.000000000000000       -1.4711961120776687E-003
   76.000000000000000       -2.3742559871603067E-003
   80.000000000000000       -3.2484996689476405E-003
   84.000000000000000       -4.1449700217656192E-003
   88.000000000000000       -5.0105101943918855E-003
   92.000000000000000       -5.8962366605103686E-003
   96.000000000000000       -6.7489458332296729E-003
   100.00000000000000       -7.6198280423236163E-003
   104.00000000000000       -8.4556368722494349E-003
   108.00000000000000       -9.3076455665115441E-003
   112.00000000000000       -1.0122563264953057E-002
   116.00000000000000       -1.0951758382489562E-002
   120.00000000000000       -1.1741892090145140E-002
   124.00000000000000       -1.2544440777027314E-002
   128.00000000000000       -1.3306014297517602E-002
   132.00000000000000       -1.4078208504021208E-002
   136.00000000000000       -1.4807580456874574E-002
   140.00000000000000       -1.5545853944772998E-002
   144.00000000000000       -1.6239535310396822E-002
   148.00000000000000       -1.6940479952425862E-002
   152.00000000000000       -1.7595150954270746E-002
   156.00000000000000       -1.8255532228548012E-002
   160.00000000000000       -1.8868058489241713E-002
   164.00000000000000       -1.9484830082753667E-002
   168.00000000000000       -2.0052277989225320E-002
   172.00000000000000       -2.0622595432452397E-002
   176.00000000000000       -2.1142246645808310E-002
   180.00000000000000       -2.1663479907674418E-002
   184.00000000000000       -2.2132844955182456E-002
   188.00000000000000       -2.2602589934883989E-002
   192.00000000000000       -2.3019420823048694E-002
   196.00000000000000       -2.3435509683511678E-002
   200.00000000000000       -2.3797811472387066E-002
   204.00000000000000       -2.4158321769499749E-002
   208.00000000000000       -2.4464363048698926E-002
   212.00000000000000       -2.4767625621396148E-002
   216.00000000000000       -2.5015947827361867E-002
   220.00000000000000       -2.5260553426380911E-002
   224.00000000000000       -2.5449978938062650E-002
   228.00000000000000       -2.5634783586011352E-002
   232.00000000000000       -2.5764422531827185E-002
   236.00000000000000       -2.5888551624349894E-002
   240.00000000000000       -2.5957807326948825E-002
   244.00000000000000       -2.6020658504402796E-002
   248.00000000000000       -2.6029231481103719E-002
   252.00000000000000       -2.6030476322322180E-002
   256.00000000000000       -2.5978366748158874E-002
   260.00000000000000       -2.5917951362458717E-002
   264.00000000000000       -2.5805459889701919E-002
   268.00000000000000       -2.5683604509879748E-002
   272.00000000000000       -2.5511331323247857E-002
   276.00000000000000       -2.5328529030133266E-002
   280.00000000000000       -2.5097371001612571E-002
   284.00000000000000       -2.4854385738499615E-002
   288.00000000000000       -2.4565531531316749E-002
   292.00000000000000       -2.4263395592313209E-002
   296.00000000000000       -2.3918318552446187E-002
   300.00000000000000       -2.3558329749672986E-002
   304.00000000000000       -2.3158778418558824E-002
   308.00000000000000       -2.2742497145419281E-002
   312.00000000000000       -2.2290483233454155E-002
   316.00000000000000       -2.1819729640026375E-002
   320.00000000000000       -2.1317513322435928E-002
   324.00000000000000       -2.0794364798442801E-002
   328.00000000000000       -2.0244437239542612E-002
   332.00000000000000       -1.9671226353368629E-002
   336.00000000000000       -1.9076289439453806E-002
   340.00000000000000       -1.8455602400666314E-002
   344.00000000000000       -1.7818545773437052E-002
   348.00000000000000       -1.7153221363627402E-002
   352.00000000000000       -1.6477097002372775E-002
   356.00000000000000       -1.5770225748279292E-002
   360.00000000000000       -1.5058220555437837E-002
   364.00000000000000       -1.4313143695362259E-002
   368.00000000000000       -1.3568550798282475E-002
   372.00000000000000       -1.2788858318689492E-002
   376.00000000000000       -1.2015048106041119E-002
   380.00000000000000       -1.1204574808490001E-002
   384.00000000000000       -1.0404967059235151E-002
   388.00000000000000       -9.5677852778246492E-003
   392.00000000000000       -8.7458240877811219E-003
   396.00000000000000       -7.8862313477893655E-003
   400.00000000000000       -7.0453648715659992E-003
   404.00000000000000       -6.1678645119296049E-003
   408.00000000000000       -5.3115317559039536E-003
   412.00000000000000       -4.4208044016752265E-003
   416.00000000000000       -3.5524313471942278E-003
   420.00000000000000       -2.6532952014158622E-003
   424.00000000000000       -1.7763023106659314E-003
   428.00000000000000       -8.7366063969786972E-004
   432.00000000000000        8.5168046413414353E-006
   436.00000000000000        9.0974178893895132E-004
   440.00000000000000        1.7936201330589383E-003
   444.00000000000000        2.6885664501034531E-003
   448.00000000000000        3.5705681450195078E-003
   452.00000000000000        4.4545238430966161E-003
   456.00000000000000        5.3309233465903775E-003
   460.00000000000000        6.1994220753124885E-003
   464.00000000000000        7.0662891926723745E-003
   468.00000000000000        7.9152039450811652E-003
   472.00000000000000        8.7683534469624545E-003
   476.00000000000000        9.5939780809338546E-003
   480.00000000000000        1.0428937055430515E-002
   484.00000000000000        1.1228042909051850E-002
   488.00000000000000        1.2040049104477214E-002
   492.00000000000000        1.2809902918264789E-002
   496.00000000000000        1.3593947532922798E-002
   500.00000000000000        1.4332277818853987E-002
   504.00000000000000        1.5083203934469519E-002
   508.00000000000000        1.5788106729469384E-002
   512.00000000000000        1.6500769095727168E-002
   516.00000000000000        1.7170551339697099E-002
   520.00000000000000        1.7840034074972040E-002
   524.00000000000000        1.8473003790558759E-002
   528.00000000000000        1.9094880019964289E-002
   532.00000000000000        1.9689106321967229E-002
   536.00000000000000        2.0259709100628881E-002
   540.00000000000000        2.0812789936056859E-002
   544.00000000000000        2.1329449556793393E-002
   548.00000000000000        2.1838337746378528E-002
   552.00000000000000        2.2299530567644575E-002
   556.00000000000000        2.2760474784282538E-002
   560.00000000000000        2.3165827816528577E-002
   564.00000000000000        2.3574479675421423E-002
   568.00000000000000        2.3924588073421005E-002
   572.00000000000000        2.4276305357153867E-002
   576.00000000000000        2.4572349804964908E-002
   580.00000000000000        2.4862687442044059E-002
   584.00000000000000        2.5105884649473748E-002
   588.00000000000000        2.5331212560643687E-002
   592.00000000000000        2.5522188499766622E-002
   596.00000000000000        2.5680318407897321E-002
   600.00000000000000        2.5818547451279230E-002
   604.00000000000000        2.5909205557359035E-002
   608.00000000000000        2.5992690246174874E-002
   612.00000000000000        2.6017660202600525E-002
   616.00000000000000        2.6043014653390227E-002
   620.00000000000000        2.6005815438476507E-002
   624.00000000000000        2.5968844069746748E-002
   628.00000000000000        2.5873910432843653E-002
   632.00000000000000        2.5770641145456963E-002
   636.00000000000000        2.5622130819593553E-002
   640.00000000000000        2.5450090405196069E-002
   644.00000000000000        2.5250615785586992E-002
   648.00000000000000        2.5009975630005982E-002
   652.00000000000000        2.4759685317634762E-002
   656.00000000000000        2.4453828986370642E-002
   660.00000000000000        2.4150271610252218E-002
   664.00000000000000        2.3785413443313180E-002
   668.00000000000000        2.3424444787066154E-002
   672.00000000000000        2.3008194917635488E-002
   676.00000000000000        2.2585837704327896E-002
   680.00000000000000        2.2125024475957652E-002
   684.00000000000000        2.1639744678201102E-002
   688.00000000000000        2.1138235647556004E-002
   692.00000000000000        2.0592737849117627E-002
   696.00000000000000        2.0050236007114763E-002
   700.00000000000000        1.9451824651534812E-002
   704.00000000000000        1.8864449877307895E-002
   708.00000000000000        1.8223414877962196E-002
   712.00000000000000        1.7586229271758624E-002
   716.00000000000000        1.6912566237358970E-002
   720.00000000000000        1.6223225842992288E-002
   724.00000000000000        1.5522991250692290E-002
   728.00000000000000        1.4784839234069858E-002
   732.00000000000000        1.4058037658851845E-002
   736.00000000000000        1.3280767100989879E-002
   740.00000000000000        1.2522338646549535E-002
   744.00000000000000        1.1719245690838006E-002
   748.00000000000000        1.0923297930517283E-002
   752.00000000000000        1.0105975143483379E-002
   756.00000000000000        9.2713896636560621E-003
   760.00000000000000        8.4446107295098709E-003
   764.00000000000000        7.5787072487139917E-003
   768.00000000000000        6.7389146440174040E-003
   772.00000000000000        5.8562420403837105E-003
   776.00000000000000        4.9954937627240134E-003
   780.00000000000000        4.1114712028179875E-003
   784.00000000000000        3.2252453009143900E-003
   788.00000000000000        2.3481261937506586E-003
   792.00000000000000        1.4420135051857101E-003
   796.00000000000000        5.6889903083707724E-004
   800.00000000000000       -3.4127317413324771E-004
   804.00000000000000       -1.2203354825818837E-003
   808.00000000000000       -2.1165065870752345E-003
   812.00000000000000       -3.0079657375855942E-003
   816.00000000000000       -3.8810309860210375E-003
   820.00000000000000       -4.7784794258205537E-003
   824.00000000000000       -5.6335981230847942E-003
   828.00000000000000       -6.5182207366163139E-003
   832.00000000000000       -7.3681979761933084E-003
   836.00000000000000       -8.2206942871770154E-003
   840.00000000000000       -9.0711886705952243E-003
   844.00000000000000       -9.8861322994611353E-003
   848.00000000000000       -1.0725485941206857E-002
   852.00000000000000       -1.1514328844241755E-002
   856.00000000000000       -1.2319314796226334E-002
   860.00000000000000       -1.3096632697068634E-002
   864.00000000000000       -1.3851310221940158E-002
   868.00000000000000       -1.4615691503336588E-002
   872.00000000000000       -1.5325410090183133E-002
   876.00000000000000       -1.6055207469072227E-002
   880.00000000000000       -1.6738951821486391E-002
   884.00000000000000       -1.7410744087870862E-002
   888.00000000000000       -1.8076587922047180E-002
   892.00000000000000       -1.8688726459958369E-002
   896.00000000000000       -1.9319005417290327E-002
   900.00000000000000       -1.9892093747494205E-002
   904.00000000000000       -2.0458853237719919E-002
   908.00000000000000       -2.1008179222775883E-002
   912.00000000000000       -2.1504492627453815E-002
   916.00000000000000       -2.2015734013735494E-002
   920.00000000000000       -2.2463613327825354E-002
   924.00000000000000       -2.2905783692940215E-002
   928.00000000000000       -2.3325341961054059E-002
   932.00000000000000       -2.3689446563786423E-002
   936.00000000000000       -2.4066771487042178E-002
   940.00000000000000       -2.4378128497178110E-002
   944.00000000000000       -2.4679567837301027E-002
   948.00000000000000       -2.4960421246687063E-002
   952.00000000000000       -2.5179526333496974E-002
   956.00000000000000       -2.5411739009503824E-002
   960.00000000000000       -2.5579901943723928E-002
   964.00000000000000       -2.5728078692046182E-002
   968.00000000000000       -2.5865114527729542E-002
   972.00000000000000       -2.5931967614824331E-002
   976.00000000000000       -2.6010165177764895E-002
   980.00000000000000       -2.6034274831169945E-002
   984.00000000000000       -2.6021052614417343E-002
   988.00000000000000       -2.6011363830683525E-002
   992.00000000000000       -2.5926697821955530E-002
   996.00000000000000       -2.5843210875415971E-002
   1000.0000000000000       -2.5727551572842344E-002
   1004.0000000000000       -2.5552141898560667E-002
   1008.0000000000000       -2.5391776210480600E-002
   1012.0000000000000       -2.5166019391316498E-002
   1016.0000000000000       -2.4916228178722175E-002
   1020.0000000000000       -2.4665365229093707E-002
   1024.0000000000000       -2.4339712688824327E-002
   1028.0000000000000       -2.4021536178837864E-002
   1032.0000000000000       -2.3671086027008011E-002
   1036.0000000000000       -2.3261769665165865E-002
   1040.0000000000000       -2.2872127181645531E-002
   1044.0000000000000       -2.2422762322138756E-002
   1048.0000000000000       -2.1943890083968857E-002
   1052.0000000000000       -2.1476886296293893E-002
   1056.0000000000000       -2.0937545652031125E-002
   1060.0000000000000       -2.0397692432648246E-002
   1064.0000000000000       -1.9850141869394645E-002
   1068.0000000000000       -1.9233609226265644E-002
   1072.0000000000000       -1.8636744868253542E-002
   1076.0000000000000       -1.8010476538730433E-002
   1080.0000000000000       -1.7329543765465808E-002
   1084.0000000000000       -1.6677769191238163E-002
   1088.0000000000000       -1.5979173754927304E-002
   1092.0000000000000       -1.5244780434183333E-002
   1096.0000000000000       -1.4540768769097516E-002
   1100.0000000000000       -1.3779133246596638E-002
   1104.0000000000000       -1.3000196906816355E-002
   1108.0000000000000       -1.2248500398967251E-002
   1112.0000000000000       -1.1434381476954109E-002
   1116.0000000000000       -1.0618443599620423E-002
   1120.0000000000000       -9.8257651980060978E-003
   1124.0000000000000       -8.9699537689150906E-003
   1128.0000000000000       -8.1239145444576746E-003
   1132.0000000000000       -7.2987812483331855E-003
   1136.0000000000000       -6.4118952882670395E-003
   1140.0000000000000       -5.5424805951839852E-003
   1144.0000000000000       -4.6946938241597801E-003
   1148.0000000000000       -3.7872289972786274E-003
   1152.0000000000000       -2.9011359878795421E-003
   1156.0000000000000       -2.0411726986605421E-003
   1160.0000000000000       -1.1238315541692288E-003
   1164.0000000000000       -2.2767696938524415E-004
   1168.0000000000000        6.3396994228851920E-004
   1172.0000000000000        1.5498090210921760E-003
   1176.0000000000000        2.4495071299767560E-003
   1180.0000000000000        3.3031625001313744E-003
   1184.0000000000000        4.2050042373136419E-003
   1188.0000000000000        5.1014920128161501E-003
   1192.0000000000000        5.9393834962884751E-003
   1196.0000000000000        6.8135385029351155E-003
   1200.0000000000000        7.6987819472823620E-003
   1204.0000000000000        8.5161822495209358E-003
   1208.0000000000000        9.3486737403109532E-003
   1212.0000000000000        1.0211454583292277E-002
   1216.0000000000000        1.1007083717012553E-002
   1220.0000000000000        1.1786297005682693E-002
   1224.0000000000000        1.2610102707968881E-002
   1228.0000000000000        1.3384227076812713E-002
   1232.0000000000000        1.4105379519800464E-002
   1236.0000000000000        1.4868325614169014E-002
   1240.0000000000000        1.5617002629981546E-002
   1244.0000000000000        1.6286139818780489E-002
   1248.0000000000000        1.6966570992595006E-002
   1252.0000000000000        1.7673206645063552E-002
   1256.0000000000000        1.8304779055278855E-002
   1260.0000000000000        1.8894162545922893E-002
   1264.0000000000000        1.9526078088674109E-002
   1268.0000000000000        2.0127782506558899E-002
   1272.0000000000000        2.0643009200594878E-002
   1276.0000000000000        2.1165850359105873E-002
   1280.0000000000000        2.1716059467730704E-002
   1284.0000000000000        2.2190519658094463E-002
   1288.0000000000000        2.2601668149679219E-002
   1292.0000000000000        2.3048185797578776E-002
   1296.0000000000000        2.3489020701469070E-002
   1300.0000000000000        2.3834133978448697E-002
   1304.0000000000000        2.4144067150849342E-002
   1308.0000000000000        2.4496253131346239E-002
   1312.0000000000000        2.4815562013927941E-002
   1316.0000000000000        2.5034435172172118E-002
   1320.0000000000000        2.5235673798953886E-002
   1324.0000000000000        2.5478811115802656E-002
   1328.0000000000000        2.5676353518357238E-002
   1332.0000000000000        2.5771313100036889E-002
   1336.0000000000000        2.5851498805509888E-002
   1340.0000000000000        2.5975488778374838E-002
   1344.0000000000000        2.6057934466185474E-002
   1348.0000000000000        2.6033279532037573E-002
   1352.0000000000000        2.5979766444465386E-002
   1356.0000000000000        2.5973776801980614E-002
   1360.0000000000000        2.5949954997879159E-002
   1364.0000000000000        2.5819000781718383E-002
   1368.0000000000000        2.5625800570490419E-002
   1372.0000000000000        2.5471506160205066E-002
   1376.0000000000000        2.5341278947627697E-002
   1380.0000000000000        2.5129699654530654E-002
   1384.0000000000000        2.4814173058086735E-002
   1388.0000000000000        2.4491319552399058E-002
   1392.0000000000000        2.4225102083290921E-002
   1396.0000000000000        2.3949187784386813E-002
   1400.0000000000000        2.3567908248677299E-002
   1404.0000000000000        2.3097404415837262E-002
   1408.0000000000000        2.2642304588347366E-002
   1412.0000000000000        2.2249606260331165E-002
   1416.0000000000000        2.1846004920605351E-002
   1420.0000000000000        2.1336778622979842E-002
   1424.0000000000000        2.0728489053196891E-002
   1428.0000000000000        2.0120256191772865E-002
   1432.0000000000000        1.9583352613947738E-002
   1436.0000000000000        1.9078938815845981E-002
   1440.0000000000000        1.8504614293769379E-002
   1444.0000000000000        1.7808187255001627E-002
   1448.0000000000000        1.7042363308777276E-002
   1452.0000000000000        1.6309898301966493E-002
   1456.0000000000000        1.5663394690536903E-002
   1460.0000000000000        1.5058451100953807E-002
   1464.0000000000000        1.4396563251030463E-002
   1468.0000000000000        1.3610791482620855E-002
   1472.0000000000000        1.2719100762396723E-002
   1476.0000000000000        1.1808219451521360E-002
   1480.0000000000000        1.0969418539221534E-002
   1484.0000000000000        1.0237687260194549E-002
   1488.0000000000000        9.5732486597658768E-003
   1492.0000000000000        8.8893946982907136E-003
   1496.0000000000000        8.1023026002089021E-003
   1500.0000000000000        7.1722342093141168E-003
   1504.0000000000000        6.1179916526615053E-003
   1508.0000000000000        5.0045763184200622E-003
   1512.0000000000000        3.9162158980837842E-003
   1516.0000000000000        2.9293055630934916E-003
   1520.0000000000000        2.0949494258339736E-003
   1524.0000000000000        1.4337391176912737E-003
   1528.0000000000000        9.4009663805176536E-004
   1532.0000000000000        5.9137508475733006E-004
   1536.0000000000000        3.5739008897189579E-004
   1540.0000000000000        2.0777998950842860E-004
   1544.0000000000000        1.1636355278031659E-004
   1548.0000000000000        6.2852546585508016E-005
   1552.0000000000000        3.2781547340527316E-005
   1556.0000000000000        1.6527671094104918E-005
   1560.0000000000000        8.0632927489498652E-006
   1564.0000000000000        3.8101694691182133E-006
   1568.0000000000000        1.7453859426941976E-006
   1572.0000000000000        7.7573253052331103E-007
   1576.0000000000000        3.3476484759335454E-007
   1580.0000000000000        1.4037407865351742E-007
   1584.0000000000000        5.7232795309895730E-008
   1588.0000000000000        2.2703209981597087E-008
   1592.0000000000000        8.7673891126972670E-009
   1596.0000000000000        3.2978812566875019E-009
   1600.0000000000000        1.2089499995845385E-009
   1604.0000000000000        4.3211980246860571E-010
   1608.0000000000000        1.5066920852823298E-010
   1612.0000000000000        5.1269655840135982E-011
   1616.0000000000000        1.7033065143588363E-011
   1620.0000000000000        5.5270495264695410E-012
   1624.0000000000000        1.7523669963493836E-012
   1628.0000000000000        5.4305394148884197E-013
   1632.0000000000000        1.6454879373152374E-013
   1636.0000000000000        4.8766435794868663E-014
   1640.0000000000000        1.4140222915161796E-014
   1644.0000000000000        4.0126271244234701E-015
   1648.0000000000000        1.1147088993942780E-015
   1652.0000000000000        3.0322977592185219E-016
   1656.0000000000000        8.0792798988018296E-017
   1660.0000000000000        2.1089779646192584E-017
   1664.0000000000000        5.3947815283612526E-018
   1668.0000000000000        1.3526266194601795E-018
   1672.0000000000000        3.3249128358498642E-019
   1676.0000000000000        8.0144422422399320E-020
   1680.0000000000000        1.8947246551512777E-020
   1684.0000000000000        4.3942477862891280E-021
   1688.0000000000000        9.9993473389184683E-022
   1692.0000000000000        2.2330075413663111E-022
   1696.0000000000000        4.9018080570005812E-023
   1700.0000000000000        1.0157127852790847E-023
   1704.0000000000000        0.0000000000000000     
   1708.0000000000000        0.0000000000000000     
   1712.0000000000000        0.0000000000000000     
   1716.0000000000000        0.0000000000000000     
   1720.0000000000000        0.0000000000000000     
   1724.0000000000000        0.0000000000000000     
   1728.0000000000000        0.0000000000000000     
   1732.0000000000000        0.0000000000000000     
   1736.0000000000000        0.0000000000000000     
   1740.0000000000000        0.0000000000000000     
   1744.0000000000000        0.0000000000000000     
   1748.0000000000000        0.0000000000000000     
   1752.0000000000000        0.0000000000000000     
   1756.0000000000000        0.0000000000000000     
   1760.0000000000000        0.0000000000000000     
   1764.0000000000000        0.0000000000000000     
   1768.0000000000000        0.0000000000000000     
   1772.0000000000000        0.0000000000000000     
   1776.0000000000000        0.0000000000000000     
   1780.0000000000000        0.0000000000000000     
   1784.0000000000000        0.0000000000000000     
   1788.0000000000000        0.0000000000000000     
   1792.0000000000000        0.0000000000000000     
   1796.0000000000000        0.0000000000000000     
   1800.0000000000000        0.0000000000000000     
   1804.0000000000000        0.0000000000000000     
   1808.0000000000000        0.0000000000000000     
   1812.0000000000000        0.0000000000000000     
   1816.0000000000000        0.0000000000000000     
   1820.0000000000000        0.0000000000000000     
   1824.0000000000000        0.0000000000000000     
   1828.0000000000000        0.0000000000000000     
   1832.0000000000000        0.0000000000000000     
   1836.0000000000000        0.0000000000000000     
   1840.0000000000000        0.0000000000000000     
   1844.0000000000000        0.0000000000000000     
   1848.0000000000000        0.0000000000000000     
   1852.0000000000000        0.0000000000000000     
   1856.0000000000000        0.0000000000000000     
   1860.0000000000000        0.0000000000000000     
   1864.0000000000000        0.0000000000000000     
   1868.0000000000000        0.0000000000000000     
   1872.0000000000000        0.0000000000000000     
   1876.0000000000000        0.0000000000000000     
   1880.0000000000000        0.0000000000000000     
   1884.0000000000000        0.0000000000000000     
   1888.0000000000000        0.0000000000000000     
   1892.0000000000000        0.0000000000000000     
   1896.0000000000000        0.0000000000000000     
   1900.0000000000000        0.0000000000000000     
   1904.0000000000000        0.0000000000000000     
   1908.0000000000000        0.0000000000000000     
   1912.0000000000000        0.0000000000000000     
   1916.0000000000000        0.0000000000000000     
   1920.0000000000000        0.0000000000000000     
   1924.0000000000000        0.0000000000000000     
   1928.0000000000000        0.0000000000000000     
   1932.0000000000000        0.0000000000000000     
   1936.0000000000000        0.0000000000000000     
   1940.0000000000000        0.0000000000000000     
   1944.0000000000000        0.0000000000000000     
   1948.0000000000000        0.0000000000000000     
   1952.0000000000000        0.0000000000000000     
   1956.0000000000000        0.0000000000000000     
   1960.0000000000000        0.0000000000000000     
   1964.0000000000000        0.0000000000000000     
   1968.0000000000000        0.0000000000000000     
   1972.0000000000000        0.0000000000000000     
   1976.0000000000000        0.0000000000000000     
   1980.0000000000000        0.0000000000000000     
   1984.0000000000000        0.0000000000000000     
   1988.0000000000000        0.0000000000000000     
   1992.0000000000000        0.0000000000000000     
   1996.0000000000000        0.0000000000000000     
   2000.0000000000000        0.0000000000000000     
