  -2000.0000000000000       -1.7392803281503218E-016
  -1996.0000000000000       -2.3455445841138537E-016
  -1992.0000000000000       -3.1596128273951728E-016
  -1988.0000000000000       -4.2514722629151087E-016
  -1984.0000000000000       -5.7142517164021358E-016
  -1980.0000000000000       -7.6717270441272807E-016
  -1976.0000000000000       -1.0288211634909655E-015
  -1972.0000000000000       -1.3781573775207123E-015
  -1968.0000000000000       -1.8440348112027431E-015
  -1964.0000000000000       -2.4646200784188516E-015
  -1960.0000000000000       -3.2903386318352028E-015
  -1956.0000000000000       -4.3877323844272211E-015
  -1952.0000000000000       -5.8445052215493702E-015
  -1948.0000000000000       -7.7761138632843358E-015
  -1944.0000000000000       -1.0334366487790940E-014
  -1940.0000000000000       -1.3718626486426009E-014
  -1936.0000000000000       -1.8190392028743294E-014
  -1932.0000000000000       -2.4092244353684179E-014
  -1928.0000000000000       -3.1872442285488777E-014
  -1924.0000000000000       -4.2116804372035868E-014
  -1920.0000000000000       -5.5589984703654136E-014
  -1916.0000000000000       -7.3288840943130976E-014
  -1912.0000000000000       -9.6511347452969852E-014
  -1908.0000000000000       -1.2694546548718960E-013
  -1904.0000000000000       -1.6678360001080730E-013
  -1900.0000000000000       -2.1886981624331014E-013
  -1896.0000000000000       -2.8688894286793956E-013
  -1892.0000000000000       -3.7560915842472369E-013
  -1888.0000000000000       -4.9119277420433206E-013
  -1884.0000000000000       -6.4159385472660261E-013
  -1880.0000000000000       -8.3706625918799695E-013
  -1876.0000000000000       -1.0908118967413387E-012
  -1872.0000000000000       -1.4198067781537803E-012
  -1868.0000000000000       -1.8458522034408568E-012
  -1864.0000000000000       -2.3969106275371577E-012
  -1860.0000000000000       -3.1088009831495328E-012
  -1856.0000000000000       -4.0273472365999865E-012
  -1852.0000000000000       -5.2110975990777656E-012
  -1848.0000000000000       -6.7347612038515373E-012
  -1844.0000000000000       -8.6935455254299466E-012
  -1840.0000000000000       -1.1208622991033633E-011
  -1836.0000000000000       -1.4434011107324756E-011
  -1832.0000000000000       -1.8565219416881419E-011
  -1828.0000000000000       -2.3850101649554172E-011
  -1824.0000000000000       -3.0602456107730994E-011
  -1820.0000000000000       -3.9219045933698617E-011
  -1816.0000000000000       -5.0200868658235501E-011
  -1812.0000000000000       -6.4179697596209973E-011
  -1808.0000000000000       -8.1951153781922471E-011
  -1804.0000000000000       -1.0451585527812790E-010
  -1800.0000000000000       -1.3313054169033860E-010
  -1796.0000000000000       -1.6937149852810969E-010
  -1792.0000000000000       -2.1521312412545403E-010
  -1788.0000000000000       -2.7312510954197019E-010
  -1784.0000000000000       -3.4619246103005934E-010
  -1780.0000000000000       -4.3826351110804981E-010
  -1776.0000000000000       -5.5413216854841763E-010
  -1772.0000000000000       -6.9976198565459116E-010
  -1768.0000000000000       -8.8256121536121161E-010
  -1764.0000000000000       -1.1117199405666848E-009
  -1760.0000000000000       -1.3986226417327916E-009
  -1756.0000000000000       -1.7573522938818685E-009
  -1752.0000000000000       -2.2053053294820503E-009
  -1748.0000000000000       -2.7639406607651370E-009
  -1744.0000000000000       -3.4596905295550659E-009
  -1740.0000000000000       -4.3250663667316994E-009
  -1736.0000000000000       -5.3999992373681796E-009
  -1732.0000000000000       -6.7334619822612985E-009
  -1728.0000000000000       -8.3854290258868834E-009
  -1724.0000000000000       -1.0429240214142063E-008
  -1720.0000000000000       -1.2954447210170202E-008
  -1716.0000000000000       -1.6070235181707169E-008
  -1712.0000000000000       -1.9909529061213506E-008
  -1708.0000000000000       -2.4633912889774762E-008
  -1704.0000000000000       -3.0439513046133067E-008
  -1700.0000000000000       -3.7564021934216382E-008
  -1696.0000000000000       -4.6295068421763361E-008
  -1692.0000000000000       -5.6980175501266545E-008
  -1688.0000000000000       -7.0038584842763235E-008
  -1684.0000000000000       -8.5975272735013695E-008
  -1680.0000000000000       -1.0539753302483106E-007
  -1676.0000000000000       -1.2903456076833902E-007
  -1672.0000000000000       -1.5776053615125707E-007
  -1668.0000000000000       -1.9262178260554432E-007
  -1664.0000000000000       -2.3486865676654635E-007
  -1660.0000000000000       -2.8599292182001926E-007
  -1656.0000000000000       -3.4777146073312628E-007
  -1652.0000000000000       -4.2231730269175036E-007
  -1648.0000000000000       -5.1213906559451260E-007
  -1644.0000000000000       -6.2021006044446304E-007
  -1640.0000000000000       -7.5004846061233721E-007
  -1636.0000000000000       -9.0581011077967648E-007
  -1632.0000000000000       -1.0923957373024427E-006
  -1628.0000000000000       -1.3155745239508726E-006
  -1624.0000000000000       -1.5821262343933290E-006
  -1620.0000000000000       -1.9000042949823779E-006
  -1616.0000000000000       -2.2785224975450480E-006
  -1612.0000000000000       -2.7285682406611423E-006
  -1608.0000000000000       -3.2628454974497653E-006
  -1604.0000000000000       -3.8961509756073563E-006
  -1600.0000000000000       -4.6456872180232124E-006
  -1596.0000000000000       -5.5314166755162383E-006
  -1592.0000000000000       -6.5764610618752905E-006
  -1588.0000000000000       -7.8075505691233104E-006
  -1584.0000000000000       -9.2555277702019279E-006
  -1580.0000000000000       -1.0955911258202254E-005
  -1576.0000000000000       -1.2949524255514711E-005
  -1572.0000000000000       -1.5283193560966177E-005
  -1568.0000000000000       -1.8010524274683324E-005
  -1564.0000000000000       -2.1192755733918285E-005
  -1560.0000000000000       -2.4899703991587617E-005
  -1556.0000000000000       -2.9210795954305216E-005
  -1552.0000000000000       -3.4216199948151771E-005
  -1548.0000000000000       -4.0018056976726663E-005
  -1544.0000000000000       -4.6731816254302177E-005
  -1540.0000000000000       -5.4487677713192479E-005
  -1536.0000000000000       -6.3432143074151226E-005
  -1532.0000000000000       -7.3729675706774210E-005
  -1528.0000000000000       -8.5564467868892781E-005
  -1524.0000000000000       -9.9142311976065431E-005
  -1520.0000000000000       -1.1469257029241321E-004
  -1516.0000000000000       -1.3247023483278704E-004
  -1512.0000000000000       -1.5275806630757287E-004
  -1508.0000000000000       -1.7586879761427108E-004
  -1504.0000000000000       -2.0214738367884739E-004
  -1500.0000000000000       -2.3197327537703667E-004
  -1496.0000000000000       -2.6576269083178480E-004
  -1492.0000000000000       -3.0397085260911588E-004
  -1488.0000000000000       -3.4709415425339992E-004
  -1484.0000000000000       -3.9567221426080958E-004
  -1480.0000000000000       -4.5028977004720096E-004
  -1476.0000000000000       -5.1157835880136975E-004
  -1472.0000000000000       -5.8021772642097183E-004
  -1468.0000000000000       -6.5693690011999698E-004
  -1464.0000000000000       -7.4251485490550901E-004
  -1460.0000000000000       -8.3778069910008684E-004
  -1456.0000000000000       -9.4361329960628666E-004
  -1452.0000000000000       -1.0609402638608438E-003
  -1448.0000000000000       -1.1907361926175451E-003
  -1444.0000000000000       -1.3340201160516240E-003
  -1440.0000000000000       -1.4918520254314162E-003
  -1436.0000000000000       -1.6653284139995696E-003
  -1432.0000000000000       -1.8555767439949443E-003
  -1428.0000000000000       -2.0637487621746990E-003
  -1424.0000000000000       -2.2910125940032227E-003
  -1420.0000000000000       -2.5385435570825735E-003
  -1416.0000000000000       -2.8075136476063702E-003
  -1412.0000000000000       -3.0990796697894945E-003
  -1408.0000000000000       -3.4143699974783287E-003
  -1404.0000000000000       -3.7544699795444532E-003
  -1400.0000000000000       -4.1204060262054754E-003
  -1396.0000000000000       -4.5131284420205382E-003
  -1392.0000000000000       -4.9334931028034070E-003
  -1388.0000000000000       -5.3822421078160761E-003
  -1384.0000000000000       -5.8599835749734925E-003
  -1380.0000000000000       -6.3671707849118422E-003
  -1376.0000000000000       -6.9040809190364953E-003
  -1372.0000000000000       -7.4707936763318411E-003
  -1368.0000000000000       -8.0671700929252580E-003
  -1364.0000000000000       -8.6928319261674620E-003
  -1360.0000000000000       -9.3471420002322909E-003
  -1356.0000000000000       -1.0029185941759625E-002
  -1352.0000000000000       -1.0737755760597064E-002
  -1348.0000000000000       -1.1471335750910408E-002
  -1344.0000000000000       -1.2228091200480906E-002
  -1340.0000000000000       -1.3005860399535923E-002
  -1336.0000000000000       -1.3802150433671577E-002
  -1332.0000000000000       -1.4614137227108231E-002
  -1328.0000000000000       -1.5438670271598915E-002
  -1324.0000000000000       -1.6272282431904900E-002
  -1320.0000000000000       -1.7111205160213312E-002
  -1316.0000000000000       -1.7951389378864546E-002
  -1312.0000000000000       -1.8788532203268506E-002
  -1308.0000000000000       -1.9618109575333175E-002
  -1304.0000000000000       -2.0435414762926363E-002
  -1300.0000000000000       -2.1235602554178591E-002
  -1296.0000000000000       -2.2013738838604389E-002
  -1292.0000000000000       -2.2764855122425678E-002
  -1288.0000000000000       -2.3484007375950411E-002
  -1284.0000000000000       -2.4166338459754130E-002
  -1280.0000000000000       -2.4807143227516853E-002
  -1276.0000000000000       -2.5401935260906276E-002
  -1272.0000000000000       -2.5946514060391637E-002
  -1268.0000000000000       -2.6437031400078439E-002
  -1264.0000000000000       -2.6870055459467173E-002
  -1260.0000000000000       -2.7242631275252397E-002
  -1256.0000000000000       -2.7552336016588071E-002
  -1252.0000000000000       -2.7797327581924814E-002
  -1248.0000000000000       -2.7976385048318401E-002
  -1244.0000000000000       -2.8088939578092637E-002
  -1240.0000000000000       -2.8135094504993064E-002
  -1236.0000000000000       -2.8115633483582949E-002
  -1232.0000000000000       -2.8032015791378876E-002
  -1228.0000000000000       -2.7886358121544635E-002
  -1224.0000000000000       -2.7681402491777474E-002
  -1220.0000000000000       -2.7420470217720459E-002
  -1216.0000000000000       -2.7107402250601396E-002
  -1212.0000000000000       -2.6746486551104943E-002
  -1208.0000000000000       -2.6342373555500110E-002
  -1204.0000000000000       -2.5899981175287485E-002
  -1200.0000000000000       -2.5424391146478677E-002
  -1196.0000000000000       -2.4920738896680339E-002
  -1192.0000000000000       -2.4394099414555274E-002
  -1188.0000000000000       -2.3849371874020323E-002
  -1184.0000000000000       -2.3291165972159970E-002
  -1180.0000000000000       -2.2723693073565941E-002
  -1176.0000000000000       -2.2150665304280392E-002
  -1172.0000000000000       -2.1575205697242826E-002
  -1168.0000000000000       -2.0999772351920503E-002
  -1164.0000000000000       -2.0426099330297265E-002
  -1160.0000000000000       -1.9855156669409020E-002
  -1156.0000000000000       -1.9287131450473612E-002
  -1152.0000000000000       -1.8721431333408471E-002
  -1148.0000000000000       -1.8156711354003430E-002
  -1144.0000000000000       -1.7590924103828624E-002
  -1140.0000000000000       -1.7021392688284828E-002
  -1136.0000000000000       -1.6444905107429634E-002
  -1132.0000000000000       -1.5857827951425783E-002
  -1128.0000000000000       -1.5256236573766910E-002
  -1124.0000000000000       -1.4636058228169609E-002
  -1120.0000000000000       -1.3993224056765667E-002
  -1116.0000000000000       -1.3323825324814064E-002
  -1112.0000000000000       -1.2624268935524189E-002
  -1108.0000000000000       -1.1891427049674164E-002
  -1104.0000000000000       -1.1122775596334717E-002
  -1100.0000000000000       -1.0316516605815269E-002
  -1096.0000000000000       -9.4716796304788031E-003
  -1092.0000000000000       -8.5881980430198238E-003
  -1088.0000000000000       -7.6669567074712248E-003
  -1084.0000000000000       -6.7098083902340112E-003
  -1080.0000000000000       -5.7195572938036629E-003
  -1076.0000000000000       -4.6999092242972860E-003
  -1072.0000000000000       -3.6553891084574017E-003
  -1068.0000000000000       -2.5912278140326045E-003
  -1064.0000000000000       -1.5132214526016069E-003
  -1060.0000000000000       -4.2756750671524914E-004
  -1056.0000000000000        6.5931682629667753E-004
  -1052.0000000000000        1.7409877919805539E-003
  -1048.0000000000000        2.8111727724545532E-003
  -1044.0000000000000        3.8639651124555705E-003
  -1040.0000000000000        4.8940085124923403E-003
  -1036.0000000000000        5.8966635606889179E-003
  -1032.0000000000000        6.8681494203920116E-003
  -1028.0000000000000        7.8056544424176325E-003
  -1024.0000000000000        8.7074105132049495E-003
  -1020.0000000000000        9.5727272538405003E-003
  -1016.0000000000000        1.0401983707463017E-002
  -1012.0000000000000        1.1196576839412855E-002
  -1008.0000000000000        1.1958827960670142E-002
  -1004.0000000000000        1.2691849997542852E-002
  -1000.0000000000000        1.3399380290814179E-002
  -996.00000000000000        1.4085585235243140E-002
  -992.00000000000000        1.4754844486598745E-002
  -988.00000000000000        1.5411523594846386E-002
  -984.00000000000000        1.6059744704350495E-002
  -980.00000000000000        1.6703165343393923E-002
  -976.00000000000000        1.7344775270226143E-002
  -972.00000000000000        1.7986720834089621E-002
  -968.00000000000000        1.8630165350545076E-002
  -964.00000000000000        1.9275192605712060E-002
  -960.00000000000000        1.9920758840078108E-002
  -956.00000000000000        2.0564696486080954E-002
  -952.00000000000000        2.1203770629888583E-002
  -948.00000000000000        2.1833786736999022E-002
  -944.00000000000000        2.2449745734841341E-002
  -940.00000000000000        2.3046040200947339E-002
  -936.00000000000000        2.3616683280545739E-002
  -932.00000000000000        2.4155560165276688E-002
  -928.00000000000000        2.4656690606548876E-002
  -924.00000000000000        2.5114490097142190E-002
  -920.00000000000000        2.5524017095092770E-002
  -916.00000000000000        2.5881194020145177E-002
  -912.00000000000000        2.6182990730869084E-002
  -908.00000000000000        2.6427560764099137E-002
  -904.00000000000000        2.6614322730088739E-002
  -900.00000000000000        2.6743981818789168E-002
  -896.00000000000000        2.6818489269911254E-002
  -892.00000000000000        2.6840940754467767E-002
  -888.00000000000000        2.6815417754716946E-002
  -884.00000000000000        2.6746779050533291E-002
  -880.00000000000000        2.6640412160478556E-002
  -876.00000000000000        2.6501956890856024E-002
  -872.00000000000000        2.6337014878487122E-002
  -868.00000000000000        2.6150860060903804E-002
  -864.00000000000000        2.5948165291706345E-002
  -860.00000000000000        2.5732759798065493E-002
  -856.00000000000000        2.5507430853142339E-002
  -852.00000000000000        2.5273780954122395E-002
  -848.00000000000000        2.5032149045690226E-002
  -844.00000000000000        2.4781601038576094E-002
  -840.00000000000000        2.4519991207610260E-002
  -836.00000000000000        2.4244092204871278E-002
  -832.00000000000000        2.3949787599674952E-002
  -828.00000000000000        2.3632317273118864E-002
  -824.00000000000000        2.3286562859589615E-002
  -820.00000000000000        2.2907357931827348E-002
  -816.00000000000000        2.2489805930745788E-002
  -812.00000000000000        2.2029588066765443E-002
  -808.00000000000000        2.1523243637494235E-002
  -804.00000000000000        2.0968406433693684E-002
  -800.00000000000000        2.0363983099932419E-002
  -796.00000000000000        1.9710262378568735E-002
  -792.00000000000000        1.9008947941895341E-002
  -788.00000000000000        1.8263111806466809E-002
  -784.00000000000000        1.7477069887950409E-002
  -780.00000000000000        1.6656185832415713E-002
  -776.00000000000000        1.5806613579770631E-002
  -772.00000000000000        1.4934992912886714E-002
  -768.00000000000000        1.4048115280790984E-002
  -764.00000000000000        1.3152579253676857E-002
  -760.00000000000000        1.2254455921269457E-002
  -756.00000000000000        1.1358984297469324E-002
  -752.00000000000000        1.0470315327252615E-002
  -748.00000000000000        9.5913204648556457E-003
  -744.00000000000000        8.7234771368061657E-003
  -740.00000000000000        7.8668389183136865E-003
  -736.00000000000000        7.0200931930843417E-003
  -732.00000000000000        6.1807037340541500E-003
  -728.00000000000000        5.3451303607842419E-003
  -724.00000000000000        4.5091129292641656E-003
  -720.00000000000000        3.6680027077789180E-003
  -716.00000000000000        2.8171209691154830E-003
  -712.00000000000000        1.9521226111538477E-003
  -708.00000000000000        1.0693419606889942E-003
  -704.00000000000000        1.6609869230342874E-004
  -700.00000000000000       -7.5905601158564328E-004
  -696.00000000000000       -1.7061694302016111E-003
  -692.00000000000000       -2.6738051578333762E-003
  -688.00000000000000       -3.6590551392282960E-003
  -684.00000000000000       -4.6576462229917593E-003
  -680.00000000000000       -5.6641354775346523E-003
  -676.00000000000000       -6.6721826871063671E-003
  -672.00000000000000       -7.6748832694418971E-003
  -668.00000000000000       -8.6651406847350811E-003
  -664.00000000000000       -9.6360545335505907E-003
  -660.00000000000000       -1.0581299185465399E-002
  -656.00000000000000       -1.1495468061653040E-002
  -652.00000000000000       -1.2374360627942246E-002
  -648.00000000000000       -1.3215192644576814E-002
  -644.00000000000000       -1.4016715062774078E-002
  -640.00000000000000       -1.4779232858181366E-002
  -636.00000000000000       -1.5504521671263330E-002
  -632.00000000000000       -1.6195646953726696E-002
  -628.00000000000000       -1.6856696940876513E-002
  -624.00000000000000       -1.7492446728871732E-002
  -620.00000000000000       -1.8107975614970195E-002
  -616.00000000000000       -1.8708263304642741E-002
  -612.00000000000000       -1.9297792339361516E-002
  -608.00000000000000       -1.9880184001639028E-002
  -604.00000000000000       -2.0457892982675949E-002
  -600.00000000000000       -2.1031982355255878E-002
  -596.00000000000000       -2.1601995108046917E-002
  -592.00000000000000       -2.2165932007282441E-002
  -588.00000000000000       -2.2720338289009948E-002
  -584.00000000000000       -2.3260494143710484E-002
  -580.00000000000000       -2.3780696658576069E-002
  -576.00000000000000       -2.4274614347711072E-002
  -572.00000000000000       -2.4735690099994073E-002
  -568.00000000000000       -2.5157564703089583E-002
  -564.00000000000000       -2.5534491346859194E-002
  -560.00000000000000       -2.5861711826006491E-002
  -556.00000000000000       -2.6135767561120168E-002
  -552.00000000000000       -2.6354722901467904E-002
  -548.00000000000000       -2.6518284182036771E-002
  -544.00000000000000       -2.6627805276644385E-002
  -540.00000000000000       -2.6686178415543896E-002
  -536.00000000000000       -2.6697617253123380E-002
  -532.00000000000000       -2.6667346988481947E-002
  -528.00000000000000       -2.6601223186908756E-002
  -524.00000000000000       -2.6505306312370174E-002
  -520.00000000000000       -2.6385422448159251E-002
  -516.00000000000000       -2.6246741974461141E-002
  -512.00000000000000       -2.6093406961967321E-002
  -508.00000000000000       -2.5928234770913560E-002
  -504.00000000000000       -2.5752520023102164E-002
  -500.00000000000000       -2.5565950103435178E-002
  -496.00000000000000       -2.5366641140813492E-002
  -492.00000000000000       -2.5151292606003003E-002
  -488.00000000000000       -2.4915449890630464E-002
  -484.00000000000000       -2.4653856148475938E-002
  -480.00000000000000       -2.4360867897971348E-002
  -476.00000000000000       -2.4030903925817422E-002
  -472.00000000000000       -2.3658894289895236E-002
  -468.00000000000000       -2.3240695928802728E-002
  -464.00000000000000       -2.2773443598308591E-002
  -460.00000000000000       -2.2255809436939198E-002
  -456.00000000000000       -2.1688151098249231E-002
  -452.00000000000000       -2.1072536600754466E-002
  -448.00000000000000       -2.0412643236405244E-002
  -444.00000000000000       -1.9713537360671822E-002
  -440.00000000000000       -1.8981350945867545E-002
  -436.00000000000000       -1.8222878720752001E-002
  -432.00000000000000       -1.7445125926042918E-002
  -428.00000000000000       -1.6654840693869757E-002
  -424.00000000000000       -1.5858066480149240E-002
  -420.00000000000000       -1.5059748704986567E-002
  -416.00000000000000       -1.4263425855457762E-002
  -412.00000000000000       -1.3471029048575960E-002
  -408.00000000000000       -1.2682805896069608E-002
  -404.00000000000000       -1.1897375065424919E-002
  -400.00000000000000       -1.1111907909510048E-002
  -396.00000000000000       -1.0322423709329738E-002
  -392.00000000000000       -9.5241762045495167E-003
  -388.00000000000000       -8.7121018724650827E-003
  -384.00000000000000       -7.8812954353653462E-003
  -380.00000000000000       -7.0274757385263686E-003
  -376.00000000000000       -6.1474056543378494E-003
  -372.00000000000000       -5.2392330195360892E-003
  -368.00000000000000       -4.3027255668743204E-003
  -364.00000000000000       -3.3393809276231327E-003
  -360.00000000000000       -2.3524024402832681E-003
  -356.00000000000000       -1.3465419589359479E-003
  -352.00000000000000       -3.2782129607265376E-004
  -348.00000000000000        6.9684646327319172E-004
  -344.00000000000000        1.7201065415773599E-003
  -340.00000000000000        2.7346479606913626E-003
  -336.00000000000000        3.7336869387698721E-003
  -332.00000000000000        4.7114101466765659E-003
  -328.00000000000000        5.6633427523709746E-003
  -324.00000000000000        6.5866119566544952E-003
  -320.00000000000000        7.4800848620863543E-003
  -316.00000000000000        8.3443693891077000E-003
  -312.00000000000000        9.1816777855451958E-003
  -308.00000000000000        9.9955632102354062E-003
  -304.00000000000000        1.0790550035422741E-002
  -300.00000000000000        1.1571687087087612E-002
  -296.00000000000000        1.2344059329422312E-002
  -292.00000000000000        1.3112296979305552E-002
  -288.00000000000000        1.3880121410468647E-002
  -284.00000000000000        1.4649964424447553E-002
  -280.00000000000000        1.5422691729752552E-002
  -276.00000000000000        1.6197453225148210E-002
  -272.00000000000000        1.6971672576700812E-002
  -268.00000000000000        1.7741177415634836E-002
  -264.00000000000000        1.8500460160523518E-002
  -260.00000000000000        1.9243048897604968E-002
  -256.00000000000000        1.9961958796762626E-002
  -252.00000000000000        2.0650187932305258E-002
  -248.00000000000000        2.1301217665417062E-002
  -244.00000000000000        2.1909477245219612E-002
  -240.00000000000000        2.2470735054439004E-002
  -236.00000000000000        2.2982384754391766E-002
  -232.00000000000000        2.3443603012448893E-002
  -228.00000000000000        2.3855365848718085E-002
  -224.00000000000000        2.4220322082036488E-002
  -220.00000000000000        2.4542533959806268E-002
  -216.00000000000000        2.4827105875334279E-002
  -212.00000000000000        2.5079731223588919E-002
  -208.00000000000000        2.5306194168076872E-002
  -204.00000000000000        2.5511866829885731E-002
  -200.00000000000000        2.5701242849337960E-002
  -196.00000000000000        2.5877545365277206E-002
  -192.00000000000000        2.6042441435501416E-002
  -188.00000000000000        2.6195886269978284E-002
  -184.00000000000000        2.6336110069869127E-002
  -180.00000000000000        2.6459748624391217E-002
  -176.00000000000000        2.6562107068354372E-002
  -172.00000000000000        2.6637535311278205E-002
  -168.00000000000000        2.6679884511197148E-002
  -164.00000000000000        2.6683007336411761E-002
  -160.00000000000000        2.6641261184463510E-002
  -156.00000000000000        2.6549973305599578E-002
  -152.00000000000000        2.6405829927123751E-002
  -148.00000000000000        2.6207157735448555E-002
  -144.00000000000000        2.5954074926650052E-002
  -140.00000000000000        2.5648499751028959E-002
  -136.00000000000000        2.5294016165400515E-002
  -132.00000000000000        2.4895607900846099E-002
  -128.00000000000000        2.4459282985863029E-002
  -124.00000000000000        2.3991619648547628E-002
  -120.00000000000000        2.3499270824918442E-002
  -116.00000000000000        2.2988467708122323E-002
  -112.00000000000000        2.2464562628606959E-002
  -108.00000000000000        2.1931648082353598E-002
  -104.00000000000000        2.1392282225005912E-002
  -100.00000000000000        2.0847342178645697E-002
  -96.000000000000000        2.0296015814852339E-002
  -92.000000000000000        1.9735931183408360E-002
  -88.000000000000000        1.9163411416306165E-002
  -84.000000000000000        1.8573832700584682E-002
  -80.000000000000000        1.7962054633134081E-002
  -76.000000000000000        1.7322886629478472E-002
  -72.000000000000000        1.6651551514132262E-002
  -68.000000000000000        1.5944108165713126E-002
  -64.000000000000000        1.5197799039071976E-002
  -60.000000000000000        1.4411295181215528E-002
  -56.000000000000000        1.3584820399508007E-002
  -52.000000000000000        1.2720146742916176E-002
  -48.000000000000000        1.1820464512672942E-002
  -44.000000000000000        1.0890140677817706E-002
  -40.000000000000000        9.9343889225996934E-003
  -36.000000000000000        8.9588818024939881E-003
  -32.000000000000000        7.9693400239967543E-003
  -28.000000000000000        6.9711353173055038E-003
  -24.000000000000000        5.9689416351844061E-003
  -20.000000000000000        4.9664646566554343E-003
  -16.000000000000000        3.9662722322108589E-003
  -12.000000000000000        2.9697391323099663E-003
  -8.0000000000000000        1.9771090729421310E-003
  -4.0000000000000000        9.8766640526935161E-004
   0.0000000000000000       -4.1282673766395989E-017
   4.0000000000000000       -9.8766640526943574E-004
   8.0000000000000000       -1.9771090729422194E-003
   12.000000000000000       -2.9697391323100573E-003
   16.000000000000000       -3.9662722322109613E-003
   20.000000000000000       -4.9664646566555436E-003
   24.000000000000000       -5.9689416351845345E-003
   28.000000000000000       -6.9711353173056460E-003
   32.000000000000000       -7.9693400239969105E-003
   36.000000000000000       -8.9588818024941685E-003
   40.000000000000000       -9.9343889225998808E-003
   44.000000000000000       -1.0890140677817932E-002
   48.000000000000000       -1.1820464512673198E-002
   52.000000000000000       -1.2720146742916457E-002
   56.000000000000000       -1.3584820399508313E-002
   60.000000000000000       -1.4411295181215865E-002
   64.000000000000000       -1.5197799039072320E-002
   68.000000000000000       -1.5944108165713494E-002
   72.000000000000000       -1.6651551514132674E-002
   76.000000000000000       -1.7322886629478923E-002
   80.000000000000000       -1.7962054633134553E-002
   84.000000000000000       -1.8573832700585161E-002
   88.000000000000000       -1.9163411416306685E-002
   92.000000000000000       -1.9735931183408873E-002
   96.000000000000000       -2.0296015814852894E-002
   100.00000000000000       -2.0847342178646245E-002
   104.00000000000000       -2.1392282225006488E-002
   108.00000000000000       -2.1931648082354174E-002
   112.00000000000000       -2.2464562628607562E-002
   116.00000000000000       -2.2988467708122941E-002
   120.00000000000000       -2.3499270824919073E-002
   124.00000000000000       -2.3991619648548266E-002
   128.00000000000000       -2.4459282985863681E-002
   132.00000000000000       -2.4895607900846779E-002
   136.00000000000000       -2.5294016165401216E-002
   140.00000000000000       -2.5648499751029667E-002
   144.00000000000000       -2.5954074926650753E-002
   148.00000000000000       -2.6207157735449269E-002
   152.00000000000000       -2.6405829927124515E-002
   156.00000000000000       -2.6549973305600334E-002
   160.00000000000000       -2.6641261184464273E-002
   164.00000000000000       -2.6683007336412538E-002
   168.00000000000000       -2.6679884511197946E-002
   172.00000000000000       -2.6637535311278996E-002
   176.00000000000000       -2.6562107068355170E-002
   180.00000000000000       -2.6459748624392009E-002
   184.00000000000000       -2.6336110069869953E-002
   188.00000000000000       -2.6195886269979103E-002
   192.00000000000000       -2.6042441435502248E-002
   196.00000000000000       -2.5877545365278011E-002
   200.00000000000000       -2.5701242849338765E-002
   204.00000000000000       -2.5511866829886536E-002
   208.00000000000000       -2.5306194168077670E-002
   212.00000000000000       -2.5079731223589717E-002
   216.00000000000000       -2.4827105875335084E-002
   220.00000000000000       -2.4542533959807065E-002
   224.00000000000000       -2.4220322082037265E-002
   228.00000000000000       -2.3855365848718876E-002
   232.00000000000000       -2.3443603012449684E-002
   236.00000000000000       -2.2982384754392536E-002
   240.00000000000000       -2.2470735054439767E-002
   244.00000000000000       -2.1909477245220355E-002
   248.00000000000000       -2.1301217665417819E-002
   252.00000000000000       -2.0650187932305993E-002
   256.00000000000000       -1.9961958796763355E-002
   260.00000000000000       -1.9243048897605683E-002
   264.00000000000000       -1.8500460160524219E-002
   268.00000000000000       -1.7741177415635495E-002
   272.00000000000000       -1.6971672576701485E-002
   276.00000000000000       -1.6197453225148862E-002
   280.00000000000000       -1.5422691729753198E-002
   284.00000000000000       -1.4649964424448160E-002
   288.00000000000000       -1.3880121410469248E-002
   292.00000000000000       -1.3112296979306118E-002
   296.00000000000000       -1.2344059329422867E-002
   300.00000000000000       -1.1571687087088150E-002
   304.00000000000000       -1.0790550035423268E-002
   308.00000000000000       -9.9955632102359162E-003
   312.00000000000000       -9.1816777855456815E-003
   316.00000000000000       -8.3443693891081527E-003
   320.00000000000000       -7.4800848620867931E-003
   324.00000000000000       -6.5866119566549202E-003
   328.00000000000000       -5.6633427523713736E-003
   332.00000000000000       -4.7114101466769432E-003
   336.00000000000000       -3.7336869387702329E-003
   340.00000000000000       -2.7346479606916948E-003
   344.00000000000000       -1.7201065415776674E-003
   348.00000000000000       -6.9684646327347274E-004
   352.00000000000000        3.2782129607240103E-004
   356.00000000000000        1.3465419589357237E-003
   360.00000000000000        2.3524024402830708E-003
   364.00000000000000        3.3393809276229653E-003
   368.00000000000000        4.3027255668741842E-003
   372.00000000000000        5.2392330195359868E-003
   376.00000000000000        6.1474056543377748E-003
   380.00000000000000        7.0274757385263200E-003
   384.00000000000000        7.8812954353653254E-003
   388.00000000000000        8.7121018724650879E-003
   392.00000000000000        9.5241762045495462E-003
   396.00000000000000        1.0322423709329800E-002
   400.00000000000000        1.1111907909510142E-002
   404.00000000000000        1.1897375065425033E-002
   408.00000000000000        1.2682805896069753E-002
   412.00000000000000        1.3471029048576126E-002
   416.00000000000000        1.4263425855457952E-002
   420.00000000000000        1.5059748704986782E-002
   424.00000000000000        1.5858066480149476E-002
   428.00000000000000        1.6654840693870038E-002
   432.00000000000000        1.7445125926043227E-002
   436.00000000000000        1.8222878720752334E-002
   440.00000000000000        1.8981350945867913E-002
   444.00000000000000        1.9713537360672211E-002
   448.00000000000000        2.0412643236405667E-002
   452.00000000000000        2.1072536600754910E-002
   456.00000000000000        2.1688151098249710E-002
   460.00000000000000        2.2255809436939691E-002
   464.00000000000000        2.2773443598309111E-002
   468.00000000000000        2.3240695928803304E-002
   472.00000000000000        2.3658894289895826E-002
   476.00000000000000        2.4030903925818040E-002
   480.00000000000000        2.4360867897971993E-002
   484.00000000000000        2.4653856148476594E-002
   488.00000000000000        2.4915449890631151E-002
   492.00000000000000        2.5151292606003711E-002
   496.00000000000000        2.5366641140814203E-002
   500.00000000000000        2.5565950103435899E-002
   504.00000000000000        2.5752520023102927E-002
   508.00000000000000        2.5928234770914337E-002
   512.00000000000000        2.6093406961968085E-002
   516.00000000000000        2.6246741974461939E-002
   520.00000000000000        2.6385422448160036E-002
   524.00000000000000        2.6505306312370972E-002
   528.00000000000000        2.6601223186909561E-002
   532.00000000000000        2.6667346988482787E-002
   536.00000000000000        2.6697617253124192E-002
   540.00000000000000        2.6686178415544749E-002
   544.00000000000000        2.6627805276645218E-002
   548.00000000000000        2.6518284182037638E-002
   552.00000000000000        2.6354722901468772E-002
   556.00000000000000        2.6135767561121043E-002
   560.00000000000000        2.5861711826007373E-002
   564.00000000000000        2.5534491346860075E-002
   568.00000000000000        2.5157564703090465E-002
   572.00000000000000        2.4735690099994920E-002
   576.00000000000000        2.4274614347711953E-002
   580.00000000000000        2.3780696658576937E-002
   584.00000000000000        2.3260494143711331E-002
   588.00000000000000        2.2720338289010787E-002
   592.00000000000000        2.2165932007283246E-002
   596.00000000000000        2.1601995108047715E-002
   600.00000000000000        2.1031982355256669E-002
   604.00000000000000        2.0457892982676706E-002
   608.00000000000000        1.9880184001639763E-002
   612.00000000000000        1.9297792339362265E-002
   616.00000000000000        1.8708263304643483E-002
   620.00000000000000        1.8107975614970909E-002
   624.00000000000000        1.7492446728872423E-002
   628.00000000000000        1.6856696940877179E-002
   632.00000000000000        1.6195646953727334E-002
   636.00000000000000        1.5504521671263937E-002
   640.00000000000000        1.4779232858181963E-002
   644.00000000000000        1.4016715062774668E-002
   648.00000000000000        1.3215192644577363E-002
   652.00000000000000        1.2374360627942787E-002
   656.00000000000000        1.1495468061653550E-002
   660.00000000000000        1.0581299185465885E-002
   664.00000000000000        9.6360545335510521E-003
   668.00000000000000        8.6651406847355096E-003
   672.00000000000000        7.6748832694423065E-003
   676.00000000000000        6.6721826871067487E-003
   680.00000000000000        5.6641354775350027E-003
   684.00000000000000        4.6576462229920785E-003
   688.00000000000000        3.6590551392285831E-003
   692.00000000000000        2.6738051578336346E-003
   696.00000000000000        1.7061694302018349E-003
   700.00000000000000        7.5905601158583432E-004
   704.00000000000000       -1.6609869230326129E-004
   708.00000000000000       -1.0693419606888613E-003
   712.00000000000000       -1.9521226111537449E-003
   716.00000000000000       -2.8171209691154088E-003
   720.00000000000000       -3.6680027077788764E-003
   724.00000000000000       -4.5091129292641457E-003
   728.00000000000000       -5.3451303607842506E-003
   732.00000000000000       -6.1807037340541864E-003
   736.00000000000000       -7.0200931930844007E-003
   740.00000000000000       -7.8668389183137750E-003
   744.00000000000000       -8.7234771368062680E-003
   748.00000000000000       -9.5913204648557810E-003
   752.00000000000000       -1.0470315327252764E-002
   756.00000000000000       -1.1358984297469505E-002
   760.00000000000000       -1.2254455921269652E-002
   764.00000000000000       -1.3152579253677072E-002
   768.00000000000000       -1.4048115280791230E-002
   772.00000000000000       -1.4934992912886970E-002
   776.00000000000000       -1.5806613579770916E-002
   780.00000000000000       -1.6656185832416012E-002
   784.00000000000000       -1.7477069887950714E-002
   788.00000000000000       -1.8263111806467142E-002
   792.00000000000000       -1.9008947941895709E-002
   796.00000000000000       -1.9710262378569116E-002
   800.00000000000000       -2.0363983099932807E-002
   804.00000000000000       -2.0968406433694072E-002
   808.00000000000000       -2.1523243637494652E-002
   812.00000000000000       -2.2029588066765866E-002
   816.00000000000000       -2.2489805930746225E-002
   820.00000000000000       -2.2907357931827778E-002
   824.00000000000000       -2.3286562859590073E-002
   828.00000000000000       -2.3632317273119315E-002
   832.00000000000000       -2.3949787599675417E-002
   836.00000000000000       -2.4244092204871743E-002
   840.00000000000000       -2.4519991207610739E-002
   844.00000000000000       -2.4781601038576566E-002
   848.00000000000000       -2.5032149045690705E-002
   852.00000000000000       -2.5273780954122860E-002
   856.00000000000000       -2.5507430853142818E-002
   860.00000000000000       -2.5732759798065986E-002
   864.00000000000000       -2.5948165291706831E-002
   868.00000000000000       -2.6150860060904297E-002
   872.00000000000000       -2.6337014878487622E-002
   876.00000000000000       -2.6501956890856538E-002
   880.00000000000000       -2.6640412160479070E-002
   884.00000000000000       -2.6746779050533818E-002
   888.00000000000000       -2.6815417754717460E-002
   892.00000000000000       -2.6840940754468308E-002
   896.00000000000000       -2.6818489269911806E-002
   900.00000000000000       -2.6743981818789710E-002
   904.00000000000000       -2.6614322730089301E-002
   908.00000000000000       -2.6427560764099679E-002
   912.00000000000000       -2.6182990730869642E-002
   916.00000000000000       -2.5881194020145725E-002
   920.00000000000000       -2.5524017095093318E-002
   924.00000000000000       -2.5114490097142738E-002
   928.00000000000000       -2.4656690606549424E-002
   932.00000000000000       -2.4155560165277243E-002
   936.00000000000000       -2.3616683280546287E-002
   940.00000000000000       -2.3046040200947880E-002
   944.00000000000000       -2.2449745734841875E-002
   948.00000000000000       -2.1833786736999542E-002
   952.00000000000000       -2.1203770629889086E-002
   956.00000000000000       -2.0564696486081467E-002
   960.00000000000000       -1.9920758840078594E-002
   964.00000000000000       -1.9275192605712546E-002
   968.00000000000000       -1.8630165350545538E-002
   972.00000000000000       -1.7986720834090072E-002
   976.00000000000000       -1.7344775270226577E-002
   980.00000000000000       -1.6703165343394354E-002
   984.00000000000000       -1.6059744704350919E-002
   988.00000000000000       -1.5411523594846798E-002
   992.00000000000000       -1.4754844486599155E-002
   996.00000000000000       -1.4085585235243536E-002
   1000.0000000000000       -1.3399380290814564E-002
   1004.0000000000000       -1.2691849997543234E-002
   1008.0000000000000       -1.1958827960670517E-002
   1012.0000000000000       -1.1196576839413212E-002
   1016.0000000000000       -1.0401983707463361E-002
   1020.0000000000000       -9.5727272538408317E-003
   1024.0000000000000       -8.7074105132052722E-003
   1028.0000000000000       -7.8056544424179395E-003
   1032.0000000000000       -6.8681494203923126E-003
   1036.0000000000000       -5.8966635606891972E-003
   1040.0000000000000       -4.8940085124926048E-003
   1044.0000000000000       -3.8639651124558151E-003
   1048.0000000000000       -2.8111727724547801E-003
   1052.0000000000000       -1.7409877919807612E-003
   1056.0000000000000       -6.5931682629685815E-004
   1060.0000000000000        4.2756750671509182E-004
   1064.0000000000000        1.5132214526014786E-003
   1068.0000000000000        2.5912278140325005E-003
   1072.0000000000000        3.6553891084573228E-003
   1076.0000000000000        4.6999092242972391E-003
   1080.0000000000000        5.7195572938036413E-003
   1084.0000000000000        6.7098083902340216E-003
   1088.0000000000000        7.6669567074712612E-003
   1092.0000000000000        8.5881980430198897E-003
   1096.0000000000000        9.4716796304789019E-003
   1100.0000000000000        1.0316516605815392E-002
   1104.0000000000000        1.1122775596334872E-002
   1108.0000000000000        1.1891427049674344E-002
   1112.0000000000000        1.2624268935524393E-002
   1116.0000000000000        1.3323825324814296E-002
   1120.0000000000000        1.3993224056765924E-002
   1124.0000000000000        1.4636058228169883E-002
   1128.0000000000000        1.5256236573767212E-002
   1132.0000000000000        1.5857827951426120E-002
   1136.0000000000000        1.6444905107429984E-002
   1140.0000000000000        1.7021392688285196E-002
   1144.0000000000000        1.7590924103829026E-002
   1148.0000000000000        1.8156711354003846E-002
   1152.0000000000000        1.8721431333408915E-002
   1156.0000000000000        1.9287131450474070E-002
   1160.0000000000000        1.9855156669409499E-002
   1164.0000000000000        2.0426099330297764E-002
   1168.0000000000000        2.0999772351921010E-002
   1172.0000000000000        2.1575205697243360E-002
   1176.0000000000000        2.2150665304280955E-002
   1180.0000000000000        2.2723693073566517E-002
   1184.0000000000000        2.3291165972160573E-002
   1188.0000000000000        2.3849371874020947E-002
   1192.0000000000000        2.4394099414555920E-002
   1196.0000000000000        2.4920738896681009E-002
   1200.0000000000000        2.5424391146479371E-002
   1204.0000000000000        2.5899981175288186E-002
   1208.0000000000000        2.6342373555500832E-002
   1212.0000000000000        2.6746486551105685E-002
   1216.0000000000000        2.7107402250602153E-002
   1220.0000000000000        2.7420470217721243E-002
   1224.0000000000000        2.7681402491778272E-002
   1228.0000000000000        2.7886358121545444E-002
   1232.0000000000000        2.8032015791379698E-002
   1236.0000000000000        2.8115633483583789E-002
   1240.0000000000000        2.8135094504993904E-002
   1244.0000000000000        2.8088939578093483E-002
   1248.0000000000000        2.7976385048319247E-002
   1252.0000000000000        2.7797327581925674E-002
   1256.0000000000000        2.7552336016588921E-002
   1260.0000000000000        2.7242631275253251E-002
   1264.0000000000000        2.6870055459468026E-002
   1268.0000000000000        2.6437031400079278E-002
   1272.0000000000000        2.5946514060392473E-002
   1276.0000000000000        2.5401935260907105E-002
   1280.0000000000000        2.4807143227517665E-002
   1284.0000000000000        2.4166338459754935E-002
   1288.0000000000000        2.3484007375951188E-002
   1292.0000000000000        2.2764855122426434E-002
   1296.0000000000000        2.2013738838605135E-002
   1300.0000000000000        2.1235602554179320E-002
   1304.0000000000000        2.0435414762927064E-002
   1308.0000000000000        1.9618109575333862E-002
   1312.0000000000000        1.8788532203269169E-002
   1316.0000000000000        1.7951389378865184E-002
   1320.0000000000000        1.7111205160213926E-002
   1324.0000000000000        1.6272282431905486E-002
   1328.0000000000000        1.5438670271599477E-002
   1332.0000000000000        1.4614137227108765E-002
   1336.0000000000000        1.3802150433672089E-002
   1340.0000000000000        1.3005860399536405E-002
   1344.0000000000000        1.2228091200481362E-002
   1348.0000000000000        1.1471335750910840E-002
   1352.0000000000000        1.0737755760597470E-002
   1356.0000000000000        1.0029185941760006E-002
   1360.0000000000000        9.3471420002326534E-003
   1364.0000000000000        8.6928319261678020E-003
   1368.0000000000000        8.0671700929255703E-003
   1372.0000000000000        7.4707936763321360E-003
   1376.0000000000000        6.9040809190367694E-003
   1380.0000000000000        6.3671707849120972E-003
   1384.0000000000000        5.8599835749737284E-003
   1388.0000000000000        5.3822421078162947E-003
   1392.0000000000000        4.9334931028036082E-003
   1396.0000000000000        4.5131284420207238E-003
   1400.0000000000000        4.1204060262056445E-003
   1404.0000000000000        3.7544699795446093E-003
   1408.0000000000000        3.4143699974784709E-003
   1412.0000000000000        3.0990796697896246E-003
   1416.0000000000000        2.8075136476064899E-003
   1420.0000000000000        2.5385435570826819E-003
   1424.0000000000000        2.2910125940033207E-003
   1428.0000000000000        2.0637487621747884E-003
   1432.0000000000000        1.8555767439950251E-003
   1436.0000000000000        1.6653284139996429E-003
   1440.0000000000000        1.4918520254314819E-003
   1444.0000000000000        1.3340201160516828E-003
   1448.0000000000000        1.1907361926175981E-003
   1452.0000000000000        1.0609402638608913E-003
   1456.0000000000000        9.4361329960632905E-004
   1460.0000000000000        8.3778069910012479E-004
   1464.0000000000000        7.4251485490554284E-004
   1468.0000000000000        6.5693690012002713E-004
   1472.0000000000000        5.8021772642099839E-004
   1476.0000000000000        5.1157835880139338E-004
   1480.0000000000000        4.5028977004722188E-004
   1484.0000000000000        3.9567221426082806E-004
   1488.0000000000000        3.4709415425341630E-004
   1492.0000000000000        3.0397085260913019E-004
   1496.0000000000000        2.6576269083179748E-004
   1500.0000000000000        2.3197327537704770E-004
   1504.0000000000000        2.0214738367885715E-004
   1508.0000000000000        1.7586879761427956E-004
   1512.0000000000000        1.5275806630758027E-004
   1516.0000000000000        1.3247023483279352E-004
   1520.0000000000000        1.1469257029241879E-004
   1524.0000000000000        9.9142311976070310E-005
   1528.0000000000000        8.5564467868896996E-005
   1532.0000000000000        7.3729675706777869E-005
   1536.0000000000000        6.3432143074154383E-005
   1540.0000000000000        5.4487677713195217E-005
   1544.0000000000000        4.6731816254304535E-005
   1548.0000000000000        4.0018056976728689E-005
   1552.0000000000000        3.4216199948153499E-005
   1556.0000000000000        2.9210795954306707E-005
   1560.0000000000000        2.4899703991588898E-005
   1564.0000000000000        2.1192755733919380E-005
   1568.0000000000000        1.8010524274684259E-005
   1572.0000000000000        1.5283193560966970E-005
   1576.0000000000000        1.2949524255515389E-005
   1580.0000000000000        1.0955911258202828E-005
   1584.0000000000000        9.2555277702024158E-006
   1588.0000000000000        7.8075505691237237E-006
   1592.0000000000000        6.5764610618756395E-006
   1596.0000000000000        5.5314166755165348E-006
   1600.0000000000000        4.6456872180234605E-006
   1604.0000000000000        3.8961509756075681E-006
   1608.0000000000000        3.2628454974499415E-006
   1612.0000000000000        2.7285682406612909E-006
   1616.0000000000000        2.2785224975451716E-006
   1620.0000000000000        1.9000042949824821E-006
   1624.0000000000000        1.5821262343934162E-006
   1628.0000000000000        1.3155745239509450E-006
   1632.0000000000000        1.0923957373025032E-006
   1636.0000000000000        9.0581011077972709E-007
   1640.0000000000000        7.5004846061237925E-007
   1644.0000000000000        6.2021006044449788E-007
   1648.0000000000000        5.1213906559454151E-007
   1652.0000000000000        4.2231730269177429E-007
   1656.0000000000000        3.4777146073314608E-007
   1660.0000000000000        2.8599292182003562E-007
   1664.0000000000000        2.3486865676655977E-007
   1668.0000000000000        1.9262178260555539E-007
   1672.0000000000000        1.5776053615126623E-007
   1676.0000000000000        1.2903456076834645E-007
   1680.0000000000000        1.0539753302483719E-007
   1684.0000000000000        8.5975272735018711E-008
   1688.0000000000000        7.0038584842767338E-008
   1692.0000000000000        5.6980175501269894E-008
   1696.0000000000000        4.6295068421766094E-008
   1700.0000000000000        3.7564021934218606E-008
   1704.0000000000000        3.0439513046134881E-008
   1708.0000000000000        2.4633912889776224E-008
   1712.0000000000000        1.9909529061214697E-008
   1716.0000000000000        1.6070235181708135E-008
   1720.0000000000000        1.2954447210170981E-008
   1724.0000000000000        1.0429240214142695E-008
   1728.0000000000000        8.3854290258873929E-009
   1732.0000000000000        6.7334619822617097E-009
   1736.0000000000000        5.3999992373685096E-009
   1740.0000000000000        4.3250663667319657E-009
   1744.0000000000000        3.4596905295552785E-009
   1748.0000000000000        2.7639406607653082E-009
   1752.0000000000000        2.2053053294821872E-009
   1756.0000000000000        1.7573522938819778E-009
   1760.0000000000000        1.3986226417328789E-009
   1764.0000000000000        1.1117199405667543E-009
   1768.0000000000000        8.8256121536126714E-010
   1772.0000000000000        6.9976198565463531E-010
   1776.0000000000000        5.5413216854845268E-010
   1780.0000000000000        4.3826351110807762E-010
   1784.0000000000000        3.4619246103008132E-010
   1788.0000000000000        2.7312510954198772E-010
   1792.0000000000000        2.1521312412546783E-010
   1796.0000000000000        1.6937149852812057E-010
   1800.0000000000000        1.3313054169034719E-010
   1804.0000000000000        1.0451585527813466E-010
   1808.0000000000000        8.1951153781927822E-011
   1812.0000000000000        6.4179697596214148E-011
   1816.0000000000000        5.0200868658238784E-011
   1820.0000000000000        3.9219045933701196E-011
   1824.0000000000000        3.0602456107733017E-011
   1828.0000000000000        2.3850101649555748E-011
   1832.0000000000000        1.8565219416882646E-011
   1836.0000000000000        1.4434011107325716E-011
   1840.0000000000000        1.1208622991034379E-011
   1844.0000000000000        8.6935455254305282E-012
   1848.0000000000000        6.7347612038519880E-012
   1852.0000000000000        5.2110975990781154E-012
   1856.0000000000000        4.0273472366002587E-012
   1860.0000000000000        3.1088009831497437E-012
   1864.0000000000000        2.3969106275373201E-012
   1868.0000000000000        1.8458522034409824E-012
   1872.0000000000000        1.4198067781538775E-012
   1876.0000000000000        1.0908118967414136E-012
   1880.0000000000000        8.3706625918805450E-013
   1884.0000000000000        6.4159385472664684E-013
   1888.0000000000000        4.9119277420436619E-013
   1892.0000000000000        3.7560915842474974E-013
   1896.0000000000000        2.8688894286795950E-013
   1900.0000000000000        2.1886981624332538E-013
   1904.0000000000000        1.6678360001081899E-013
   1908.0000000000000        1.2694546548719851E-013
   1912.0000000000000        9.6511347452976617E-014
   1916.0000000000000        7.3288840943136126E-014
   1920.0000000000000        5.5589984703658073E-014
   1924.0000000000000        4.2116804372038859E-014
   1928.0000000000000        3.1872442285491043E-014
   1932.0000000000000        2.4092244353685902E-014
   1936.0000000000000        1.8190392028744594E-014
   1940.0000000000000        1.3718626486426993E-014
   1944.0000000000000        1.0334366487791683E-014
   1948.0000000000000        7.7761138632848958E-015
   1952.0000000000000        5.8445052215497930E-015
   1956.0000000000000        4.3877323844275406E-015
   1960.0000000000000        3.2903386318354419E-015
   1964.0000000000000        2.4646200784190310E-015
   1968.0000000000000        1.8440348112028780E-015
   1972.0000000000000        1.3781573775208135E-015
   1976.0000000000000        1.0288211634910410E-015
   1980.0000000000000        7.6717270441278457E-016
   1984.0000000000000        5.7142517164025598E-016
   1988.0000000000000        4.2514722629154237E-016
   1992.0000000000000        3.1596128273954075E-016
   1996.0000000000000        2.3455445841140283E-016
   2000.0000000000000        1.7392803281504519E-016
