  -2000.0000000000000       -1.3273777018820229E-016
  -1996.0000000000000       -1.7901077484048373E-016
  -1992.0000000000000       -2.4114599706971993E-016
  -1988.0000000000000       -3.2448633548024081E-016
  -1984.0000000000000       -4.3614155973889364E-016
  -1980.0000000000000       -5.8556142790310539E-016
  -1976.0000000000000       -7.8529095764834728E-016
  -1972.0000000000000       -1.0519645111063952E-015
  -1968.0000000000000       -1.4076125781165789E-015
  -1964.0000000000000       -1.8813774777493695E-015
  -1960.0000000000000       -2.5117631195225832E-015
  -1956.0000000000000       -3.3495813649984038E-015
  -1952.0000000000000       -4.4618058261615462E-015
  -1948.0000000000000       -5.9366062179917123E-015
  -1944.0000000000000       -7.8899165876812468E-015
  -1940.0000000000000       -1.0473993886930656E-014
  -1936.0000000000000       -1.3888555812190145E-014
  -1932.0000000000000       -1.8395256703549370E-014
  -1928.0000000000000       -2.4336477823516259E-014
  -1924.0000000000000       -3.2159686512715663E-014
  -1920.0000000000000       -4.2448973941849598E-014
  -1916.0000000000000       -5.5965834139394997E-014
  -1912.0000000000000       -7.3701823734702345E-014
  -1908.0000000000000       -9.6946475192236899E-014
  -1904.0000000000000       -1.2737476737738101E-013
  -1900.0000000000000       -1.6715963767577639E-013
  -1896.0000000000000       -2.1911651415165889E-013
  -1892.0000000000000       -2.8688873505098592E-013
  -1888.0000000000000       -3.7518510697097746E-013
  -1884.0000000000000       -4.9008385756412592E-013
  -1880.0000000000000       -6.3942101955298649E-013
  -1876.0000000000000       -8.3328603352359266E-013
  -1872.0000000000000       -1.0846533171129378E-012
  -1868.0000000000000       -1.4101860142821663E-012
  -1864.0000000000000       -1.8312574764739787E-012
  -1860.0000000000000       -2.3752476888835128E-012
  -1856.0000000000000       -3.0771863951547258E-012
  -1852.0000000000000       -3.9818327746787375E-012
  -1848.0000000000000       -5.1463040246910782E-012
  -1844.0000000000000       -6.6433931181762840E-012
  -1840.0000000000000       -8.5657505987091785E-012
  -1836.0000000000000       -1.1031148059631990E-011
  -1832.0000000000000       -1.4189093793243397E-011
  -1828.0000000000000       -1.8229136240361005E-011
  -1824.0000000000000       -2.3391271054997911E-011
  -1820.0000000000000       -2.9978966130357726E-011
  -1816.0000000000000       -3.8375439805062350E-011
  -1812.0000000000000       -4.9063975496355559E-011
  -1808.0000000000000       -6.2653236979943622E-011
  -1804.0000000000000       -7.9908769403724645E-011
  -1800.0000000000000       -1.0179214020888160E-010
  -1796.0000000000000       -1.2950950138553241E-010
  -1792.0000000000000       -1.6457175177639572E-010
  -1788.0000000000000       -2.0886895958007718E-010
  -1784.0000000000000       -2.6476228755927522E-010
  -1780.0000000000000       -3.3519736658698208E-010
  -1776.0000000000000       -4.2384391053375954E-010
  -1772.0000000000000       -5.3526738478186284E-010
  -1768.0000000000000       -6.7513976438952643E-010
  -1764.0000000000000       -8.5049788430113795E-010
  -1760.0000000000000       -1.0700596376833938E-009
  -1756.0000000000000       -1.3446103716091731E-009
  -1752.0000000000000       -1.6874743226069215E-009
  -1748.0000000000000       -2.1150888985015727E-009
  -1744.0000000000000       -2.6477031290477873E-009
  -1740.0000000000000       -3.3102257702199420E-009
  -1736.0000000000000       -4.1332534639788124E-009
  -1732.0000000000000       -5.1543151511028259E-009
  -1728.0000000000000       -6.4193757512772331E-009
  -1724.0000000000000       -7.9846501239109652E-009
  -1720.0000000000000       -9.9187876888427955E-009
  -1716.0000000000000       -1.2305499026079174E-008
  -1712.0000000000000       -1.5246708522232136E-008
  -1708.0000000000000       -1.8866331951313653E-008
  -1704.0000000000000       -2.3314795062829335E-008
  -1700.0000000000000       -2.8774429127579468E-008
  -1696.0000000000000       -3.5465902323149756E-008
  -1692.0000000000000       -4.3655872225352066E-008
  -1688.0000000000000       -5.3666074945478520E-008
  -1684.0000000000000       -6.5884101091466752E-008
  -1680.0000000000000       -8.0776148247956417E-008
  -1676.0000000000000       -9.8902084617626681E-008
  -1672.0000000000000       -1.2093320943176925E-007
  -1668.0000000000000       -1.4767315334171411E-007
  -1664.0000000000000       -1.8008242689172616E-007
  -1660.0000000000000       -2.1930719801562929E-007
  -1656.0000000000000       -2.6671296097158070E-007
  -1652.0000000000000       -3.2392384990853574E-007
  -1648.0000000000000       -3.9286845100359009E-007
  -1644.0000000000000       -4.7583307844505900E-007
  -1640.0000000000000       -5.7552360202727668E-007
  -1636.0000000000000       -6.9513704824869814E-007
  -1632.0000000000000       -8.3844434292593429E-007
  -1628.0000000000000       -1.0098857216589635E-006
  -1624.0000000000000       -1.2146805050133792E-006
  -1620.0000000000000       -1.4589531177842170E-006
  -1616.0000000000000       -1.7498774256299400E-006
  -1612.0000000000000       -2.0958416668058863E-006
  -1608.0000000000000       -2.5066364703492128E-006
  -1604.0000000000000       -2.9936686730236204E-006
  -1600.0000000000000       -3.5702038732012496E-006
  -1596.0000000000000       -4.2516408875432529E-006
  -1592.0000000000000       -5.0558215019927005E-006
  -1588.0000000000000       -6.0033791275276627E-006
  -1584.0000000000000       -7.1181301777102559E-006
  -1580.0000000000000       -8.4275121726726635E-006
  -1576.0000000000000       -9.9630727350605157E-006
  -1572.0000000000000       -1.1761013768690572E-005
  -1568.0000000000000       -1.3862795190125774E-005
  -1564.0000000000000       -1.6315802605589190E-005
  -1560.0000000000000       -1.9174083277909240E-005
  -1556.0000000000000       -2.2499154596476750E-005
  -1552.0000000000000       -2.6360889032231437E-005
  -1548.0000000000000       -3.0838479213024343E-005
  -1544.0000000000000       -3.6021486274846148E-005
  -1540.0000000000000       -4.2010974013010586E-005
  -1536.0000000000000       -4.8920730555512311E-005
  -1532.0000000000000       -5.6878578289179624E-005
  -1528.0000000000000       -6.6027771568818801E-005
  -1524.0000000000000       -7.6528480311773261E-005
  -1520.0000000000000       -8.8559355907804317E-005
  -1516.0000000000000       -1.0231917394146741E-004
  -1512.0000000000000       -1.1802854601817015E-004
  -1508.0000000000000       -1.3593169049645108E-004
  -1504.0000000000000       -1.5629824915238766E-004
  -1500.0000000000000       -1.7942513373786235E-004
  -1496.0000000000000       -2.0563838304917385E-004
  -1492.0000000000000       -2.3529500751069706E-004
  -1488.0000000000000       -2.6878479442283448E-004
  -1484.0000000000000       -3.0653204295772623E-004
  -1480.0000000000000       -3.4899719375393811E-004
  -1476.0000000000000       -3.9667831361929565E-004
  -1472.0000000000000       -4.5011239146847088E-004
  -1468.0000000000000       -5.0987639728265158E-004
  -1464.0000000000000       -5.7658805168031156E-004
  -1460.0000000000000       -6.5090624974413090E-004
  -1456.0000000000000       -7.3353107918700563E-004
  -1452.0000000000000       -8.2520336990193834E-004
  -1448.0000000000000       -9.2670370958230326E-004
  -1444.0000000000000       -1.0388508585877259E-003
  -1440.0000000000000       -1.1624994967442636E-003
  -1436.0000000000000       -1.2985372354902098E-003
  -1432.0000000000000       -1.4478808308986263E-003
  -1428.0000000000000       -1.6114715368121633E-003
  -1424.0000000000000       -1.7902695427970908E-003
  -1420.0000000000000       -1.9852474490317218E-003
  -1416.0000000000000       -2.1973827397425514E-003
  -1412.0000000000000       -2.4276492285173787E-003
  -1408.0000000000000       -2.6770074628531993E-003
  -1404.0000000000000       -2.9463940916922187E-003
  -1400.0000000000000       -3.2367102184667619E-003
  -1396.0000000000000       -3.5488087832615451E-003
  -1392.0000000000000       -3.8834810409897036E-003
  -1388.0000000000000       -4.2414422277762950E-003
  -1384.0000000000000       -4.6233165347766905E-003
  -1380.0000000000000       -5.0296215370674215E-003
  -1376.0000000000000       -5.4607522545846643E-003
  -1372.0000000000000       -5.9169650518066767E-003
  -1368.0000000000000       -6.3983616123471834E-003
  -1364.0000000000000       -6.9048732531193412E-003
  -1360.0000000000000       -7.4362458694362402E-003
  -1356.0000000000000       -7.9920258264498164E-003
  -1352.0000000000000       -8.5715471327505455E-003
  -1348.0000000000000       -9.1739202477652167E-003
  -1344.0000000000000       -9.7980228847913860E-003
  -1340.0000000000000       -1.0442493175082154E-002
  -1336.0000000000000       -1.1105725554370432E-002
  -1332.0000000000000       -1.1785869720685228E-002
  -1328.0000000000000       -1.2480832990452825E-002
  -1324.0000000000000       -1.3188286348022743E-002
  -1320.0000000000000       -1.3905674441413904E-002
  -1316.0000000000000       -1.4630229723974290E-002
  -1312.0000000000000       -1.5358990877758638E-002
  -1308.0000000000000       -1.6088825580042373E-002
  -1304.0000000000000       -1.6816457590095094E-002
  -1300.0000000000000       -1.7538498040108527E-002
  -1296.0000000000000       -1.8251480713323508E-002
  -1292.0000000000000       -1.8951900985662309E-002
  -1288.0000000000000       -1.9636257996627805E-002
  -1284.0000000000000       -2.0301099503365769E-002
  -1280.0000000000000       -2.0943068761399501E-002
  -1276.0000000000000       -2.1558952669767276E-002
  -1272.0000000000000       -2.2145730320475156E-002
  -1268.0000000000000       -2.2700621005851022E-002
  -1264.0000000000000       -2.3221130666190044E-002
  -1260.0000000000000       -2.3705095707577353E-002
  -1256.0000000000000       -2.4150723089459373E-002
  -1252.0000000000000       -2.4556625576594542E-002
  -1248.0000000000000       -2.4921851073239208E-002
  -1244.0000000000000       -2.5245905011118140E-002
  -1240.0000000000000       -2.5528764848448276E-002
  -1236.0000000000000       -2.5770885855863165E-002
  -1232.0000000000000       -2.5973197516366283E-002
  -1228.0000000000000       -2.6137090049291135E-002
  -1224.0000000000000       -2.6264390780392617E-002
  -1220.0000000000000       -2.6357330318232636E-002
  -1216.0000000000000       -2.6418498756350540E-002
  -1212.0000000000000       -2.6450792395604619E-002
  -1208.0000000000000       -2.6457351764688303E-002
  -1204.0000000000000       -2.6441492001396658E-002
  -1200.0000000000000       -2.6406626934119840E-002
  -1196.0000000000000       -2.6356188463080108E-002
  -1192.0000000000000       -2.6293543074455743E-002
  -1188.0000000000000       -2.6221907518139659E-002
  -1184.0000000000000       -2.6144265832148707E-002
  -1180.0000000000000       -2.6063289994943756E-002
  -1176.0000000000000       -2.5981266523441744E-002
  -1172.0000000000000       -2.5900031303031840E-002
  -1168.0000000000000       -2.5820914831852400E-002
  -1164.0000000000000       -2.5744699882500562E-002
  -1160.0000000000000       -2.5671593330106612E-002
  -1156.0000000000000       -2.5601213568819205E-002
  -1152.0000000000000       -2.5532594544476293E-002
  -1148.0000000000000       -2.5464206977672797E-002
  -1144.0000000000000       -2.5393996849460740E-002
  -1140.0000000000000       -2.5319440685070856E-002
  -1136.0000000000000       -2.5237616615231558E-002
  -1132.0000000000000       -2.5145289637795033E-002
  -1128.0000000000000       -2.5039008963862731E-002
  -1124.0000000000000       -2.4915214832729887E-002
  -1120.0000000000000       -2.4770351739204721E-002
  -1116.0000000000000       -2.4600984655096633E-002
  -1112.0000000000000       -2.4403914562374333E-002
  -1108.0000000000000       -2.4176289464876172E-002
  -1104.0000000000000       -2.3915707021640531E-002
  -1100.0000000000000       -2.3620305057175040E-002
  -1096.0000000000000       -2.3288836457014503E-002
  -1092.0000000000000       -2.2920725350331999E-002
  -1088.0000000000000       -2.2516102009277977E-002
  -1084.0000000000000       -2.2075814545521592E-002
  -1080.0000000000000       -2.1601416240889612E-002
  -1076.0000000000000       -2.1095128188352855E-002
  -1072.0000000000000       -2.0559777814327471E-002
  -1068.0000000000000       -1.9998714771638476E-002
  -1064.0000000000000       -1.9415706599753238E-002
  -1060.0000000000000       -1.8814817408350695E-002
  -1056.0000000000000       -1.8200273614841066E-002
  -1052.0000000000000       -1.7576321420034575E-002
  -1048.0000000000000       -1.6947081205467042E-002
  -1044.0000000000000       -1.6316404351920621E-002
  -1040.0000000000000       -1.5687738088350795E-002
  -1036.0000000000000       -1.5064003867975392E-002
  -1032.0000000000000       -1.4447494426445070E-002
  -1028.0000000000000       -1.3839794107976214E-002
  -1024.0000000000000       -1.3241726261215390E-002
  -1020.0000000000000       -1.2653330529654417E-002
  -1016.0000000000000       -1.2073871723613901E-002
  -1012.0000000000000       -1.1501880703120285E-002
  -1008.0000000000000       -1.0935226372051691E-002
  -1004.0000000000000       -1.0371216538334213E-002
  -1000.0000000000000       -9.8067240911541200E-003
  -996.00000000000000       -9.2383337439426519E-003
  -992.00000000000000       -8.6625035497763080E-003
  -988.00000000000000       -8.0757345682036380E-003
  -984.00000000000000       -7.4747414968004957E-003
  -980.00000000000000       -6.8566168148297439E-003
  -976.00000000000000       -6.2189810461421085E-003
  -972.00000000000000       -5.5601121458940563E-003
  -968.00000000000000       -4.8790477474879067E-003
  -964.00000000000000       -4.1756550530374680E-003
  -960.00000000000000       -3.4506644773155538E-003
  -956.00000000000000       -2.7056647110383770E-003
  -952.00000000000000       -1.9430585904137195E-003
  -948.00000000000000       -1.1659809708929271E-003
  -944.00000000000000       -3.7818162073903478E-004
  -940.00000000000000        4.1612211326291787E-004
  -936.00000000000000        1.2124165476650565E-003
  -932.00000000000000        2.0060791758584428E-003
  -928.00000000000000        2.7925738288524953E-003
  -924.00000000000000        3.5676442596663722E-003
  -920.00000000000000        4.3274967626460645E-003
  -916.00000000000000        5.0689627334564672E-003
  -912.00000000000000        5.7896328322779144E-003
  -908.00000000000000        6.4879556111930078E-003
  -904.00000000000000        7.1632950625617597E-003
  -900.00000000000000        7.8159434715337466E-003
  -896.00000000000000        8.4470881258464723E-003
  -892.00000000000000        9.0587327463784850E-003
  -888.00000000000000        9.6535768374992875E-003
  -884.00000000000000        1.0234858395893061E-002
  -880.00000000000000        1.0806167439117980E-002
  -876.00000000000000        1.1371239506229175E-002
  -872.00000000000000        1.1933739541007272E-002
  -868.00000000000000        1.2497047311648253E-002
  -864.00000000000000        1.3064055691749248E-002
  -860.00000000000000        1.3636992697549455E-002
  -856.00000000000000        1.4217277148868954E-002
  -852.00000000000000        1.4805416232217188E-002
  -848.00000000000000        1.5400951162685266E-002
  -844.00000000000000        1.6002454664982329E-002
  -840.00000000000000        1.6607581247489359E-002
  -836.00000000000000        1.7213168370371984E-002
  -832.00000000000000        1.7815383765895032E-002
  -828.00000000000000        1.8409911516373598E-002
  -824.00000000000000        1.8992167187921009E-002
  -820.00000000000000        1.9557530497378572E-002
  -816.00000000000000        2.0101582773738098E-002
  -812.00000000000000        2.0620335951535857E-002
  -808.00000000000000        2.1110440052692494E-002
  -804.00000000000000        2.1569357084320191E-002
  -800.00000000000000        2.1995490968825974E-002
  -796.00000000000000        2.2388265451763905E-002
  -792.00000000000000        2.2748144784672086E-002
  -788.00000000000000        2.3076595202191044E-002
  -784.00000000000000        2.3375988625783346E-002
  -780.00000000000000        2.3649453433884859E-002
  -776.00000000000000        2.3900680337861756E-002
  -772.00000000000000        2.4133694198309758E-002
  -768.00000000000000        2.4352604828785578E-002
  -764.00000000000000        2.4561351315446373E-002
  -760.00000000000000        2.4763455022540851E-002
  -756.00000000000000        2.4961796194373817E-002
  -752.00000000000000        2.5158427896649679E-002
  -748.00000000000000        2.5354439011976523E-002
  -744.00000000000000        2.5549875218243236E-002
  -740.00000000000000        2.5743723486976816E-002
  -736.00000000000000        2.5933961836129275E-002
  -732.00000000000000        2.6117672083774576E-002
  -728.00000000000000        2.6291209419733435E-002
  -724.00000000000000        2.6450418988240031E-002
  -720.00000000000000        2.6590886591157221E-002
  -716.00000000000000        2.6708208285007685E-002
  -712.00000000000000        2.6798262221537805E-002
  -708.00000000000000        2.6857465682323285E-002
  -704.00000000000000        2.6883000932214584E-002
  -700.00000000000000        2.6872995245759354E-002
  -696.00000000000000        2.6826643158234725E-002
  -692.00000000000000        2.6744262506799042E-002
  -688.00000000000000        2.6627279948851213E-002
  -684.00000000000000        2.6478146120344121E-002
  -680.00000000000000        2.6300185143282730E-002
  -676.00000000000000        2.6097387513895200E-002
  -672.00000000000000        2.5874159213233158E-002
  -668.00000000000000        2.5635042919103242E-002
  -664.00000000000000        2.5384429245812891E-002
  -660.00000000000000        2.5126276840188717E-002
  -656.00000000000000        2.4863859835160255E-002
  -652.00000000000000        2.4599559602458267E-002
  -648.00000000000000        2.4334715032731640E-002
  -644.00000000000000        2.4069541863105011E-002
  -640.00000000000000        2.3803127098147785E-002
  -636.00000000000000        2.3533499616723387E-002
  -632.00000000000000        2.3257772949674439E-002
  -628.00000000000000        2.2972351295027903E-002
  -624.00000000000000        2.2673185446456547E-002
  -620.00000000000000        2.2356061756605934E-002
  -616.00000000000000        2.2016904798471092E-002
  -612.00000000000000        2.1652073214399496E-002
  -608.00000000000000        2.1258628457997700E-002
  -604.00000000000000        2.0834557749786115E-002
  -600.00000000000000        2.0378935496460988E-002
  -596.00000000000000        1.9892011486406659E-002
  -592.00000000000000        1.9375219108082355E-002
  -588.00000000000000        1.8831102314104304E-002
  -584.00000000000000        1.8263165698491426E-002
  -580.00000000000000        1.7675657474458411E-002
  -576.00000000000000        1.7073299950117769E-002
  -572.00000000000000        1.6460985949798838E-002
  -568.00000000000000        1.5843462230922041E-002
  -564.00000000000000        1.5225022095154660E-002
  -560.00000000000000        1.4609228982288062E-002
  -556.00000000000000        1.3998690869727963E-002
  -552.00000000000000        1.3394901895044055E-002
  -548.00000000000000        1.2798162994673545E-002
  -544.00000000000000        1.2207587821501142E-002
  -540.00000000000000        1.1621194151717919E-002
  -536.00000000000000        1.1036074845921834E-002
  -532.00000000000000        1.0448636634182454E-002
  -528.00000000000000        9.8548899755067261E-003
  -524.00000000000000        9.2507693755113102E-003
  -520.00000000000000        8.6324611311917425E-003
  -516.00000000000000        7.9967147063822117E-003
  -512.00000000000000        7.3411149060150097E-003
  -508.00000000000000        6.6642946658880689E-003
  -504.00000000000000        5.9660724366360799E-003
  -500.00000000000000        5.2475035305882857E-003
  -496.00000000000000        4.5108410371275543E-003
  -492.00000000000000        3.7594085458992166E-003
  -488.00000000000000        2.9973934608287000E-003
  -484.00000000000000        2.2295756534056171E-003
  -480.00000000000000        1.4610111385729696E-003
  -476.00000000000000        6.9669397839628052E-004
  -472.00000000000000       -5.8778554849742010E-005
  -468.00000000000000       -8.0151255264709377E-004
  -464.00000000000000       -1.5285726822957741E-003
  -460.00000000000000       -2.2381665997266206E-003
  -456.00000000000000       -2.9297442902767520E-003
  -452.00000000000000       -3.6040043603969428E-003
  -448.00000000000000       -4.2628062671808417E-003
  -444.00000000000000       -4.9089945841463700E-003
  -440.00000000000000       -5.5461481216580221E-003
  -436.00000000000000       -6.1782725318633592E-003
  -432.00000000000000       -6.8094594764482120E-003
  -428.00000000000000       -7.4435381645381682E-003
  -424.00000000000000       -8.0837458485216954E-003
  -420.00000000000000       -8.7324426151053278E-003
  -416.00000000000000       -9.3908926006310064E-003
  -412.00000000000000       -1.0059128818816973E-002
  -408.00000000000000       -1.0735912477801144E-002
  -404.00000000000000       -1.1418790454696830E-002
  -400.00000000000000       -1.2104247038519311E-002
  -396.00000000000000       -1.2787938729040122E-002
  -392.00000000000000       -1.3464994361636029E-002
  -388.00000000000000       -1.4130357632472650E-002
  -384.00000000000000       -1.4779145643352781E-002
  -380.00000000000000       -1.5406995659040702E-002
  -376.00000000000000       -1.6010373004033244E-002
  -372.00000000000000       -1.6586815884701709E-002
  -368.00000000000000       -1.7135097703092687E-002
  -364.00000000000000       -1.7655293773423942E-002
  -360.00000000000000       -1.8148746776976837E-002
  -356.00000000000000       -1.8617933220477750E-002
  -352.00000000000000       -1.9066240975689978E-002
  -348.00000000000000       -1.9497675054781952E-002
  -344.00000000000000       -1.9916514549768814E-002
  -340.00000000000000       -2.0326947665107176E-002
  -336.00000000000000       -2.0732713666647137E-002
  -332.00000000000000       -2.1136780188285218E-002
  -328.00000000000000       -2.1541081690350027E-002
  -324.00000000000000       -2.1946340142630319E-002
  -320.00000000000000       -2.2351982569484338E-002
  -316.00000000000000       -2.2756162444995832E-002
  -312.00000000000000       -2.3155883665253989E-002
  -308.00000000000000       -2.3547217610011318E-002
  -304.00000000000000       -2.3925596297216342E-002
  -300.00000000000000       -2.4286158440535863E-002
  -296.00000000000000       -2.4624120850854879E-002
  -292.00000000000000       -2.4935145444119379E-002
  -288.00000000000000       -2.5215672322274625E-002
  -284.00000000000000       -2.5463191982844847E-002
  -280.00000000000000       -2.5676434494160516E-002
  -276.00000000000000       -2.5855460076164356E-002
  -272.00000000000000       -2.6001643428896881E-002
  -268.00000000000000       -2.6117552720010279E-002
  -264.00000000000000       -2.6206732687353223E-002
  -260.00000000000000       -2.6273409137602465E-002
  -256.00000000000000       -2.6322138585038055E-002
  -252.00000000000000       -2.6357431339965445E-002
  -248.00000000000000       -2.6383378639005643E-002
  -244.00000000000000       -2.6403314208333962E-002
  -240.00000000000000       -2.6419537966641475E-002
  -236.00000000000000       -2.6433124611330010E-002
  -232.00000000000000       -2.6443832981872251E-002
  -228.00000000000000       -2.6450123908680012E-002
  -224.00000000000000       -2.6449285398184058E-002
  -220.00000000000000       -2.6437655198917640E-002
  -216.00000000000000       -2.6410922763613998E-002
  -212.00000000000000       -2.6364486033899487E-002
  -208.00000000000000       -2.6293833877747894E-002
  -204.00000000000000       -2.6194922795183945E-002
  -200.00000000000000       -2.6064516870174980E-002
  -196.00000000000000       -2.5900462869725058E-002
  -192.00000000000000       -2.5701877646383813E-002
  -188.00000000000000       -2.5469232164725630E-002
  -184.00000000000000       -2.5204324962182296E-002
  -180.00000000000000       -2.4910146973029842E-002
  -176.00000000000000       -2.4590648638399371E-002
  -172.00000000000000       -2.4250428348204230E-002
  -168.00000000000000       -2.3894367834589605E-002
  -164.00000000000000       -2.3527244607989325E-002
  -160.00000000000000       -2.3153353515352079E-002
  -156.00000000000000       -2.2776168829720760E-002
  -152.00000000000000       -2.2398074995978859E-002
  -148.00000000000000       -2.2020188522284032E-002
  -144.00000000000000       -2.1642285980922386E-002
  -140.00000000000000       -2.1262844286385262E-002
  -136.00000000000000       -2.0879190081565090E-002
  -132.00000000000000       -2.0487745962592393E-002
  -128.00000000000000       -2.0084353169960181E-002
  -124.00000000000000       -1.9664643948786503E-002
  -120.00000000000000       -1.9224432577140103E-002
  -116.00000000000000       -1.8760092437154190E-002
  -112.00000000000000       -1.8268887603201795E-002
  -108.00000000000000       -1.7749231160907535E-002
  -104.00000000000000       -1.7200848544725138E-002
  -100.00000000000000       -1.6624832087815369E-002
  -96.000000000000000       -1.6023582058193871E-002
  -92.000000000000000       -1.5400638951084809E-002
  -88.000000000000000       -1.4760420923392917E-002
  -84.000000000000000       -1.4107888226074710E-002
  -80.000000000000000       -1.3448162642025757E-002
  -76.000000000000000       -1.2786133750046011E-002
  -72.000000000000000       -1.2126084984042608E-002
  -68.000000000000000       -1.1471370838801564E-002
  -64.000000000000000       -1.0824172319939538E-002
  -60.000000000000000       -1.0185351198776661E-002
  -56.000000000000000       -9.5544153586285315E-003
  -52.000000000000000       -8.9295982006258878E-003
  -48.000000000000000       -8.3080454971711376E-003
  -44.000000000000000       -7.6860940455305490E-003
  -40.000000000000000       -7.0596187443287273E-003
  -36.000000000000000       -6.4244189444713157E-003
  -32.000000000000000       -5.7766116017257622E-003
  -28.000000000000000       -5.1129981636165618E-003
  -24.000000000000000       -4.4313743113570036E-003
  -20.000000000000000       -3.7307564665108885E-003
  -16.000000000000000       -3.0115059606303802E-003
  -12.000000000000000       -2.2753403669858799E-003
  -8.0000000000000000       -1.5252309829142893E-003
  -4.0000000000000000       -7.6519503000089064E-004
   0.0000000000000000        3.4604368746167954E-018
   4.0000000000000000        7.6519503000089780E-004
   8.0000000000000000        1.5252309829142971E-003
   12.000000000000000        2.2753403669858886E-003
   16.000000000000000        3.0115059606303915E-003
   20.000000000000000        3.7307564665109041E-003
   24.000000000000000        4.4313743113570175E-003
   28.000000000000000        5.1129981636165757E-003
   32.000000000000000        5.7766116017257795E-003
   36.000000000000000        6.4244189444713365E-003
   40.000000000000000        7.0596187443287550E-003
   44.000000000000000        7.6860940455305733E-003
   48.000000000000000        8.3080454971711654E-003
   52.000000000000000        8.9295982006259156E-003
   56.000000000000000        9.5544153586285627E-003
   60.000000000000000        1.0185351198776706E-002
   64.000000000000000        1.0824172319939577E-002
   68.000000000000000        1.1471370838801603E-002
   72.000000000000000        1.2126084984042646E-002
   76.000000000000000        1.2786133750046060E-002
   80.000000000000000        1.3448162642025802E-002
   84.000000000000000        1.4107888226074762E-002
   88.000000000000000        1.4760420923392973E-002
   92.000000000000000        1.5400638951084875E-002
   96.000000000000000        1.6023582058193930E-002
   100.00000000000000        1.6624832087815431E-002
   104.00000000000000        1.7200848544725221E-002
   108.00000000000000        1.7749231160907625E-002
   112.00000000000000        1.8268887603201864E-002
   116.00000000000000        1.8760092437154246E-002
   120.00000000000000        1.9224432577140186E-002
   124.00000000000000        1.9664643948786593E-002
   128.00000000000000        2.0084353169960278E-002
   132.00000000000000        2.0487745962592490E-002
   136.00000000000000        2.0879190081565181E-002
   140.00000000000000        2.1262844286385366E-002
   144.00000000000000        2.1642285980922497E-002
   148.00000000000000        2.2020188522284163E-002
   152.00000000000000        2.2398074995978977E-002
   156.00000000000000        2.2776168829720878E-002
   160.00000000000000        2.3153353515352210E-002
   164.00000000000000        2.3527244607989443E-002
   168.00000000000000        2.3894367834589744E-002
   172.00000000000000        2.4250428348204362E-002
   176.00000000000000        2.4590648638399517E-002
   180.00000000000000        2.4910146973029974E-002
   184.00000000000000        2.5204324962182442E-002
   188.00000000000000        2.5469232164725783E-002
   192.00000000000000        2.5701877646383979E-002
   196.00000000000000        2.5900462869725225E-002
   200.00000000000000        2.6064516870175167E-002
   204.00000000000000        2.6194922795184140E-002
   208.00000000000000        2.6293833877748096E-002
   212.00000000000000        2.6364486033899681E-002
   216.00000000000000        2.6410922763614213E-002
   220.00000000000000        2.6437655198917869E-002
   224.00000000000000        2.6449285398184273E-002
   228.00000000000000        2.6450123908680241E-002
   232.00000000000000        2.6443832981872493E-002
   236.00000000000000        2.6433124611330246E-002
   240.00000000000000        2.6419537966641711E-002
   244.00000000000000        2.6403314208334226E-002
   248.00000000000000        2.6383378639005892E-002
   252.00000000000000        2.6357431339965730E-002
   256.00000000000000        2.6322138585038304E-002
   260.00000000000000        2.6273409137602736E-002
   264.00000000000000        2.6206732687353507E-002
   268.00000000000000        2.6117552720010578E-002
   272.00000000000000        2.6001643428897159E-002
   276.00000000000000        2.5855460076164620E-002
   280.00000000000000        2.5676434494160807E-002
   284.00000000000000        2.5463191982845124E-002
   288.00000000000000        2.5215672322274917E-002
   292.00000000000000        2.4935145444119705E-002
   296.00000000000000        2.4624120850855191E-002
   300.00000000000000        2.4286158440536169E-002
   304.00000000000000        2.3925596297216647E-002
   308.00000000000000        2.3547217610011609E-002
   312.00000000000000        2.3155883665254288E-002
   316.00000000000000        2.2756162444996137E-002
   320.00000000000000        2.2351982569484643E-002
   324.00000000000000        2.1946340142630610E-002
   328.00000000000000        2.1541081690350326E-002
   332.00000000000000        2.1136780188285516E-002
   336.00000000000000        2.0732713666647456E-002
   340.00000000000000        2.0326947665107460E-002
   344.00000000000000        1.9916514549769112E-002
   348.00000000000000        1.9497675054782265E-002
   352.00000000000000        1.9066240975690291E-002
   356.00000000000000        1.8617933220478059E-002
   360.00000000000000        1.8148746776977122E-002
   364.00000000000000        1.7655293773424240E-002
   368.00000000000000        1.7135097703092999E-002
   372.00000000000000        1.6586815884702007E-002
   376.00000000000000        1.6010373004033539E-002
   380.00000000000000        1.5406995659040990E-002
   384.00000000000000        1.4779145643353080E-002
   388.00000000000000        1.4130357632472935E-002
   392.00000000000000        1.3464994361636321E-002
   396.00000000000000        1.2787938729040410E-002
   400.00000000000000        1.2104247038519596E-002
   404.00000000000000        1.1418790454697111E-002
   408.00000000000000        1.0735912477801415E-002
   412.00000000000000        1.0059128818817240E-002
   416.00000000000000        9.3908926006312666E-003
   420.00000000000000        8.7324426151055706E-003
   424.00000000000000        8.0837458485219470E-003
   428.00000000000000        7.4435381645384041E-003
   432.00000000000000        6.8094594764484392E-003
   436.00000000000000        6.1782725318635830E-003
   440.00000000000000        5.5461481216582424E-003
   444.00000000000000        4.9089945841465791E-003
   448.00000000000000        4.2628062671810490E-003
   452.00000000000000        3.6040043603971493E-003
   456.00000000000000        2.9297442902769498E-003
   460.00000000000000        2.2381665997268157E-003
   464.00000000000000        1.5285726822959593E-003
   468.00000000000000        8.0151255264727635E-004
   472.00000000000000        5.8778554849917407E-005
   476.00000000000000       -6.9669397839610921E-004
   480.00000000000000       -1.4610111385728053E-003
   484.00000000000000       -2.2295756534054583E-003
   488.00000000000000       -2.9973934608285486E-003
   492.00000000000000       -3.7594085458990769E-003
   496.00000000000000       -4.5108410371274181E-003
   500.00000000000000       -5.2475035305881573E-003
   504.00000000000000       -5.9660724366359550E-003
   508.00000000000000       -6.6642946658879536E-003
   512.00000000000000       -7.3411149060149073E-003
   516.00000000000000       -7.9967147063821128E-003
   520.00000000000000       -8.6324611311916558E-003
   524.00000000000000       -9.2507693755112270E-003
   528.00000000000000       -9.8548899755066532E-003
   532.00000000000000       -1.0448636634182388E-002
   536.00000000000000       -1.1036074845921782E-002
   540.00000000000000       -1.1621194151717864E-002
   544.00000000000000       -1.2207587821501107E-002
   548.00000000000000       -1.2798162994673510E-002
   552.00000000000000       -1.3394901895044027E-002
   556.00000000000000       -1.3998690869727949E-002
   560.00000000000000       -1.4609228982288062E-002
   564.00000000000000       -1.5225022095154677E-002
   568.00000000000000       -1.5843462230922048E-002
   572.00000000000000       -1.6460985949798862E-002
   576.00000000000000       -1.7073299950117790E-002
   580.00000000000000       -1.7675657474458460E-002
   584.00000000000000       -1.8263165698491488E-002
   588.00000000000000       -1.8831102314104373E-002
   592.00000000000000       -1.9375219108082396E-002
   596.00000000000000       -1.9892011486406715E-002
   600.00000000000000       -2.0378935496461071E-002
   604.00000000000000       -2.0834557749786198E-002
   608.00000000000000       -2.1258628457997811E-002
   612.00000000000000       -2.1652073214399607E-002
   616.00000000000000       -2.2016904798471210E-002
   620.00000000000000       -2.2356061756606066E-002
   624.00000000000000       -2.2673185446456693E-002
   628.00000000000000       -2.2972351295028042E-002
   632.00000000000000       -2.3257772949674585E-002
   636.00000000000000       -2.3533499616723560E-002
   640.00000000000000       -2.3803127098147931E-002
   644.00000000000000       -2.4069541863105191E-002
   648.00000000000000       -2.4334715032731821E-002
   652.00000000000000       -2.4599559602458448E-002
   656.00000000000000       -2.4863859835160443E-002
   660.00000000000000       -2.5126276840188911E-002
   664.00000000000000       -2.5384429245813099E-002
   668.00000000000000       -2.5635042919103429E-002
   672.00000000000000       -2.5874159213233359E-002
   676.00000000000000       -2.6097387513895415E-002
   680.00000000000000       -2.6300185143282959E-002
   684.00000000000000       -2.6478146120344357E-002
   688.00000000000000       -2.6627279948851456E-002
   692.00000000000000       -2.6744262506799264E-002
   696.00000000000000       -2.6826643158234961E-002
   700.00000000000000       -2.6872995245759597E-002
   704.00000000000000       -2.6883000932214841E-002
   708.00000000000000       -2.6857465682323556E-002
   712.00000000000000       -2.6798262221538083E-002
   716.00000000000000       -2.6708208285007955E-002
   720.00000000000000       -2.6590886591157492E-002
   724.00000000000000       -2.6450418988240288E-002
   728.00000000000000       -2.6291209419733712E-002
   732.00000000000000       -2.6117672083774860E-002
   736.00000000000000       -2.5933961836129567E-002
   740.00000000000000       -2.5743723486977094E-002
   744.00000000000000       -2.5549875218243520E-002
   748.00000000000000       -2.5354439011976829E-002
   752.00000000000000       -2.5158427896649956E-002
   756.00000000000000       -2.4961796194374102E-002
   760.00000000000000       -2.4763455022541146E-002
   764.00000000000000       -2.4561351315446657E-002
   768.00000000000000       -2.4352604828785849E-002
   772.00000000000000       -2.4133694198310029E-002
   776.00000000000000       -2.3900680337862048E-002
   780.00000000000000       -2.3649453433885137E-002
   784.00000000000000       -2.3375988625783616E-002
   788.00000000000000       -2.3076595202191311E-002
   792.00000000000000       -2.2748144784672349E-002
   796.00000000000000       -2.2388265451764169E-002
   800.00000000000000       -2.1995490968826237E-002
   804.00000000000000       -2.1569357084320440E-002
   808.00000000000000       -2.1110440052692737E-002
   812.00000000000000       -2.0620335951536086E-002
   816.00000000000000       -2.0101582773738306E-002
   820.00000000000000       -1.9557530497378798E-002
   824.00000000000000       -1.8992167187921224E-002
   828.00000000000000       -1.8409911516373792E-002
   832.00000000000000       -1.7815383765895219E-002
   836.00000000000000       -1.7213168370372151E-002
   840.00000000000000       -1.6607581247489518E-002
   844.00000000000000       -1.6002454664982485E-002
   848.00000000000000       -1.5400951162685408E-002
   852.00000000000000       -1.4805416232217317E-002
   856.00000000000000       -1.4217277148869082E-002
   860.00000000000000       -1.3636992697549569E-002
   864.00000000000000       -1.3064055691749342E-002
   868.00000000000000       -1.2497047311648357E-002
   872.00000000000000       -1.1933739541007363E-002
   876.00000000000000       -1.1371239506229262E-002
   880.00000000000000       -1.0806167439118056E-002
   884.00000000000000       -1.0234858395893130E-002
   888.00000000000000       -9.6535768374993447E-003
   892.00000000000000       -9.0587327463785370E-003
   896.00000000000000       -8.4470881258465191E-003
   900.00000000000000       -7.8159434715337917E-003
   904.00000000000000       -7.1632950625617961E-003
   908.00000000000000       -6.4879556111930338E-003
   912.00000000000000       -5.7896328322779352E-003
   916.00000000000000       -5.0689627334564785E-003
   920.00000000000000       -4.3274967626460714E-003
   924.00000000000000       -3.5676442596663722E-003
   928.00000000000000       -2.7925738288524867E-003
   932.00000000000000       -2.0060791758584246E-003
   936.00000000000000       -1.2124165476650318E-003
   940.00000000000000       -4.1612211326288784E-004
   944.00000000000000        3.7818162073907565E-004
   948.00000000000000        1.1659809708929787E-003
   952.00000000000000        1.9430585904137781E-003
   956.00000000000000        2.7056647110384447E-003
   960.00000000000000        3.4506644773156275E-003
   964.00000000000000        4.1756550530375530E-003
   968.00000000000000        4.8790477474879995E-003
   972.00000000000000        5.5601121458941551E-003
   976.00000000000000        6.2189810461422161E-003
   980.00000000000000        6.8566168148298584E-003
   984.00000000000000        7.4747414968006206E-003
   988.00000000000000        8.0757345682037646E-003
   992.00000000000000        8.6625035497764399E-003
   996.00000000000000        9.2383337439427976E-003
   1000.0000000000000        9.8067240911542727E-003
   1004.0000000000000        1.0371216538334369E-002
   1008.0000000000000        1.0935226372051850E-002
   1012.0000000000000        1.1501880703120448E-002
   1016.0000000000000        1.2073871723614068E-002
   1020.0000000000000        1.2653330529654587E-002
   1024.0000000000000        1.3241726261215567E-002
   1028.0000000000000        1.3839794107976398E-002
   1032.0000000000000        1.4447494426445261E-002
   1036.0000000000000        1.5064003867975597E-002
   1040.0000000000000        1.5687738088350996E-002
   1044.0000000000000        1.6316404351920822E-002
   1048.0000000000000        1.6947081205467243E-002
   1052.0000000000000        1.7576321420034794E-002
   1056.0000000000000        1.8200273614841288E-002
   1060.0000000000000        1.8814817408350913E-002
   1064.0000000000000        1.9415706599753460E-002
   1068.0000000000000        1.9998714771638712E-002
   1072.0000000000000        2.0559777814327721E-002
   1076.0000000000000        2.1095128188353091E-002
   1080.0000000000000        2.1601416240889869E-002
   1084.0000000000000        2.2075814545521842E-002
   1088.0000000000000        2.2516102009278227E-002
   1092.0000000000000        2.2920725350332249E-002
   1096.0000000000000        2.3288836457014760E-002
   1100.0000000000000        2.3620305057175311E-002
   1104.0000000000000        2.3915707021640802E-002
   1108.0000000000000        2.4176289464876436E-002
   1112.0000000000000        2.4403914562374611E-002
   1116.0000000000000        2.4600984655096903E-002
   1120.0000000000000        2.4770351739204978E-002
   1124.0000000000000        2.4915214832730157E-002
   1128.0000000000000        2.5039008963863008E-002
   1132.0000000000000        2.5145289637795297E-002
   1136.0000000000000        2.5237616615231821E-002
   1140.0000000000000        2.5319440685071127E-002
   1144.0000000000000        2.5393996849461010E-002
   1148.0000000000000        2.5464206977673060E-002
   1152.0000000000000        2.5532594544476556E-002
   1156.0000000000000        2.5601213568819454E-002
   1160.0000000000000        2.5671593330106868E-002
   1164.0000000000000        2.5744699882500818E-002
   1168.0000000000000        2.5820914831852677E-002
   1172.0000000000000        2.5900031303032103E-002
   1176.0000000000000        2.5981266523442001E-002
   1180.0000000000000        2.6063289994944016E-002
   1184.0000000000000        2.6144265832148971E-002
   1188.0000000000000        2.6221907518139909E-002
   1192.0000000000000        2.6293543074455993E-002
   1196.0000000000000        2.6356188463080372E-002
   1200.0000000000000        2.6406626934120096E-002
   1204.0000000000000        2.6441492001396907E-002
   1208.0000000000000        2.6457351764688566E-002
   1212.0000000000000        2.6450792395604869E-002
   1216.0000000000000        2.6418498756350790E-002
   1220.0000000000000        2.6357330318232893E-002
   1224.0000000000000        2.6264390780392877E-002
   1228.0000000000000        2.6137090049291392E-002
   1232.0000000000000        2.5973197516366540E-002
   1236.0000000000000        2.5770885855863426E-002
   1240.0000000000000        2.5528764848448533E-002
   1244.0000000000000        2.5245905011118390E-002
   1248.0000000000000        2.4921851073239458E-002
   1252.0000000000000        2.4556625576594784E-002
   1256.0000000000000        2.4150723089459609E-002
   1260.0000000000000        2.3705095707577589E-002
   1264.0000000000000        2.3221130666190273E-002
   1268.0000000000000        2.2700621005851244E-002
   1272.0000000000000        2.2145730320475385E-002
   1276.0000000000000        2.1558952669767491E-002
   1280.0000000000000        2.0943068761399713E-002
   1284.0000000000000        2.0301099503365984E-002
   1288.0000000000000        1.9636257996628010E-002
   1292.0000000000000        1.8951900985662511E-002
   1296.0000000000000        1.8251480713323699E-002
   1300.0000000000000        1.7538498040108708E-002
   1304.0000000000000        1.6816457590095275E-002
   1308.0000000000000        1.6088825580042546E-002
   1312.0000000000000        1.5358990877758804E-002
   1316.0000000000000        1.4630229723974450E-002
   1320.0000000000000        1.3905674441414060E-002
   1324.0000000000000        1.3188286348022890E-002
   1328.0000000000000        1.2480832990452963E-002
   1332.0000000000000        1.1785869720685360E-002
   1336.0000000000000        1.1105725554370557E-002
   1340.0000000000000        1.0442493175082272E-002
   1344.0000000000000        9.7980228847914970E-003
   1348.0000000000000        9.1739202477653208E-003
   1352.0000000000000        8.5715471327506461E-003
   1356.0000000000000        7.9920258264499118E-003
   1360.0000000000000        7.4362458694363269E-003
   1364.0000000000000        6.9048732531194210E-003
   1368.0000000000000        6.3983616123472597E-003
   1372.0000000000000        5.9169650518067461E-003
   1376.0000000000000        5.4607522545847319E-003
   1380.0000000000000        5.0296215370674822E-003
   1384.0000000000000        4.6233165347767469E-003
   1388.0000000000000        4.2414422277763479E-003
   1392.0000000000000        3.8834810409897513E-003
   1396.0000000000000        3.5488087832615894E-003
   1400.0000000000000        3.2367102184668022E-003
   1404.0000000000000        2.9463940916922560E-003
   1408.0000000000000        2.6770074628532331E-003
   1412.0000000000000        2.4276492285174099E-003
   1416.0000000000000        2.1973827397425796E-003
   1420.0000000000000        1.9852474490317479E-003
   1424.0000000000000        1.7902695427971143E-003
   1428.0000000000000        1.6114715368121841E-003
   1432.0000000000000        1.4478808308986454E-003
   1436.0000000000000        1.2985372354902271E-003
   1440.0000000000000        1.1624994967442790E-003
   1444.0000000000000        1.0388508585877398E-003
   1448.0000000000000        9.2670370958231594E-004
   1452.0000000000000        8.2520336990194961E-004
   1456.0000000000000        7.3353107918701550E-004
   1460.0000000000000        6.5090624974413979E-004
   1464.0000000000000        5.7658805168031959E-004
   1468.0000000000000        5.0987639728265874E-004
   1472.0000000000000        4.5011239146847717E-004
   1476.0000000000000        3.9667831361930118E-004
   1480.0000000000000        3.4899719375394304E-004
   1484.0000000000000        3.0653204295773057E-004
   1488.0000000000000        2.6878479442283827E-004
   1492.0000000000000        2.3529500751070045E-004
   1496.0000000000000        2.0563838304917678E-004
   1500.0000000000000        1.7942513373786495E-004
   1504.0000000000000        1.5629824915238994E-004
   1508.0000000000000        1.3593169049645309E-004
   1512.0000000000000        1.1802854601817188E-004
   1516.0000000000000        1.0231917394146893E-004
   1520.0000000000000        8.8559355907805645E-005
   1524.0000000000000        7.6528480311774413E-005
   1528.0000000000000        6.6027771568819791E-005
   1532.0000000000000        5.6878578289180492E-005
   1536.0000000000000        4.8920730555513043E-005
   1540.0000000000000        4.2010974013011223E-005
   1544.0000000000000        3.6021486274846703E-005
   1548.0000000000000        3.0838479213024818E-005
   1552.0000000000000        2.6360889032231843E-005
   1556.0000000000000        2.2499154596477099E-005
   1560.0000000000000        1.9174083277909538E-005
   1564.0000000000000        1.6315802605589451E-005
   1568.0000000000000        1.3862795190125995E-005
   1572.0000000000000        1.1761013768690760E-005
   1576.0000000000000        9.9630727350606749E-006
   1580.0000000000000        8.4275121726727973E-006
   1584.0000000000000        7.1181301777103703E-006
   1588.0000000000000        6.0033791275277593E-006
   1592.0000000000000        5.0558215019927827E-006
   1596.0000000000000        4.2516408875433215E-006
   1600.0000000000000        3.5702038732013081E-006
   1604.0000000000000        2.9936686730236695E-006
   1608.0000000000000        2.5066364703492535E-006
   1612.0000000000000        2.0958416668059206E-006
   1616.0000000000000        1.7498774256299692E-006
   1620.0000000000000        1.4589531177842411E-006
   1624.0000000000000        1.2146805050133995E-006
   1628.0000000000000        1.0098857216589805E-006
   1632.0000000000000        8.3844434292594848E-007
   1636.0000000000000        6.9513704824870989E-007
   1640.0000000000000        5.7552360202728642E-007
   1644.0000000000000        4.7583307844506704E-007
   1648.0000000000000        3.9286845100359686E-007
   1652.0000000000000        3.2392384990854124E-007
   1656.0000000000000        2.6671296097158531E-007
   1660.0000000000000        2.1930719801563307E-007
   1664.0000000000000        1.8008242689172928E-007
   1668.0000000000000        1.4767315334171670E-007
   1672.0000000000000        1.2093320943177134E-007
   1676.0000000000000        9.8902084617628415E-008
   1680.0000000000000        8.0776148247957833E-008
   1684.0000000000000        6.5884101091467917E-008
   1688.0000000000000        5.3666074945479480E-008
   1692.0000000000000        4.3655872225352841E-008
   1696.0000000000000        3.5465902323150405E-008
   1700.0000000000000        2.8774429127579991E-008
   1704.0000000000000        2.3314795062829759E-008
   1708.0000000000000        1.8866331951313990E-008
   1712.0000000000000        1.5246708522232417E-008
   1716.0000000000000        1.2305499026079399E-008
   1720.0000000000000        9.9187876888429775E-009
   1724.0000000000000        7.9846501239111108E-009
   1728.0000000000000        6.4193757512773506E-009
   1732.0000000000000        5.1543151511029202E-009
   1736.0000000000000        4.1332534639788885E-009
   1740.0000000000000        3.3102257702200044E-009
   1744.0000000000000        2.6477031290478365E-009
   1748.0000000000000        2.1150888985016120E-009
   1752.0000000000000        1.6874743226069529E-009
   1756.0000000000000        1.3446103716091986E-009
   1760.0000000000000        1.0700596376834141E-009
   1764.0000000000000        8.5049788430115418E-010
   1768.0000000000000        6.7513976438953925E-010
   1772.0000000000000        5.3526738478187318E-010
   1776.0000000000000        4.2384391053376776E-010
   1780.0000000000000        3.3519736658698859E-010
   1784.0000000000000        2.6476228755928034E-010
   1788.0000000000000        2.0886895958008124E-010
   1792.0000000000000        1.6457175177639892E-010
   1796.0000000000000        1.2950950138553492E-010
   1800.0000000000000        1.0179214020888359E-010
   1804.0000000000000        7.9908769403726222E-011
   1808.0000000000000        6.2653236979944863E-011
   1812.0000000000000        4.9063975496356528E-011
   1816.0000000000000        3.8375439805063113E-011
   1820.0000000000000        2.9978966130358321E-011
   1824.0000000000000        2.3391271054998382E-011
   1828.0000000000000        1.8229136240361370E-011
   1832.0000000000000        1.4189093793243681E-011
   1836.0000000000000        1.1031148059632213E-011
   1840.0000000000000        8.5657505987093497E-012
   1844.0000000000000        6.6433931181764197E-012
   1848.0000000000000        5.1463040246911840E-012
   1852.0000000000000        3.9818327746788199E-012
   1856.0000000000000        3.0771863951547892E-012
   1860.0000000000000        2.3752476888835616E-012
   1864.0000000000000        1.8312574764740158E-012
   1868.0000000000000        1.4101860142821954E-012
   1872.0000000000000        1.0846533171129604E-012
   1876.0000000000000        8.3328603352361003E-013
   1880.0000000000000        6.3942101955299982E-013
   1884.0000000000000        4.9008385756413622E-013
   1888.0000000000000        3.7518510697098539E-013
   1892.0000000000000        2.8688873505099198E-013
   1896.0000000000000        2.1911651415166351E-013
   1900.0000000000000        1.6715963767577995E-013
   1904.0000000000000        1.2737476737738371E-013
   1908.0000000000000        9.6946475192238981E-014
   1912.0000000000000        7.3701823734703923E-014
   1916.0000000000000        5.5965834139396196E-014
   1920.0000000000000        4.2448973941850513E-014
   1924.0000000000000        3.2159686512716351E-014
   1928.0000000000000        2.4336477823516789E-014
   1932.0000000000000        1.8395256703549768E-014
   1936.0000000000000        1.3888555812190445E-014
   1940.0000000000000        1.0473993886930887E-014
   1944.0000000000000        7.8899165876814219E-015
   1948.0000000000000        5.9366062179918433E-015
   1952.0000000000000        4.4618058261616448E-015
   1956.0000000000000        3.3495813649984779E-015
   1960.0000000000000        2.5117631195226388E-015
   1964.0000000000000        1.8813774777494117E-015
   1968.0000000000000        1.4076125781166103E-015
   1972.0000000000000        1.0519645111064187E-015
   1976.0000000000000        7.8529095764836483E-016
   1980.0000000000000        5.8556142790311860E-016
   1984.0000000000000        4.3614155973890345E-016
   1988.0000000000000        3.2448633548024811E-016
   1992.0000000000000        2.4114599706972540E-016
   1996.0000000000000        1.7901077484048777E-016
   2000.0000000000000        1.3273777018820530E-016
