  -2000.0000000000000       -3.7416610414024459E-007
  -1996.0000000000000       -4.5969219616626387E-007
  -1992.0000000000000       -5.6389095206280793E-007
  -1988.0000000000000       -6.9062997381358753E-007
  -1984.0000000000000       -8.4452977881084838E-007
  -1980.0000000000000       -1.0310996856830230E-006
  -1976.0000000000000       -1.2568959444801331E-006
  -1972.0000000000000       -1.5297052843074639E-006
  -1968.0000000000000       -1.8587574109255467E-006
  -1964.0000000000000       -2.2549703685122077E-006
  -1960.0000000000000       -2.7312330810847705E-006
  -1956.0000000000000       -3.3027298062301665E-006
  -1952.0000000000000       -3.9873116616556719E-006
  -1948.0000000000000       -4.8059208169515044E-006
  -1944.0000000000000       -5.7830733703498614E-006
  -1940.0000000000000       -6.9474073426400057E-006
  -1936.0000000000000       -8.3323026049587290E-006
  -1932.0000000000000       -9.9765798986216443E-006
  -1928.0000000000000       -1.1925286385473259E-005
  -1924.0000000000000       -1.4230575365498287E-005
  -1920.0000000000000       -1.6952687890643352E-005
  -1916.0000000000000       -2.0161043962815734E-005
  -1912.0000000000000       -2.3935450799438445E-005
  -1908.0000000000000       -2.8367435248271650E-005
  -1904.0000000000000       -3.3561706797870326E-005
  -1900.0000000000000       -3.9637756721828753E-005
  -1896.0000000000000       -4.6731597672281705E-005
  -1892.0000000000000       -5.4997646457804885E-005
  -1888.0000000000000       -6.4610750758772702E-005
  -1884.0000000000000       -7.5768358105488267E-005
  -1880.0000000000000       -8.8692822528498881E-005
  -1876.0000000000000       -1.0363384084688687E-004
  -1872.0000000000000       -1.2087100655430227E-004
  -1868.0000000000000       -1.4071646466603372E-004
  -1864.0000000000000       -1.6351764568480750E-004
  -1860.0000000000000       -1.8966005102130195E-004
  -1856.0000000000000       -2.1957005577517223E-004
  -1852.0000000000000       -2.5371768776911839E-004
  -1848.0000000000000       -2.9261933417821059E-004
  -1844.0000000000000       -3.3684031907965650E-004
  -1840.0000000000000       -3.8699728686192081E-004
  -1836.0000000000000       -4.4376031780416668E-004
  -1832.0000000000000       -5.0785469342860942E-004
  -1828.0000000000000       -5.8006222063529910E-004
  -1824.0000000000000       -6.6122201538473238E-004
  -1820.0000000000000       -7.5223063906966091E-004
  -1816.0000000000000       -8.5404147402220012E-004
  -1812.0000000000000       -9.6766321918152125E-004
  -1808.0000000000000       -1.0941573831796719E-003
  -1804.0000000000000       -1.2346346503955853E-003
  -1800.0000000000000       -1.3902499963105101E-003
  -1796.0000000000000       -1.5621964322156778E-003
  -1792.0000000000000       -1.7516972664201630E-003
  -1788.0000000000000       -1.9599967800234424E-003
  -1784.0000000000000       -2.1883492304588226E-003
  -1780.0000000000000       -2.4380061157554967E-003
  -1776.0000000000000       -2.7102016571053564E-003
  -1772.0000000000000       -3.0061364870847557E-003
  -1768.0000000000000       -3.3269595658768246E-003
  -1764.0000000000000       -3.6737483880552465E-003
  -1760.0000000000000       -4.0474875877480419E-003
  -1756.0000000000000       -4.4490460999528835E-003
  -1752.0000000000000       -4.8791530898710965E-003
  -1748.0000000000000       -5.3383729195994739E-003
  -1744.0000000000000       -5.8270794813652695E-003
  -1740.0000000000000       -6.3454302874653310E-003
  -1736.0000000000000       -6.8933407676943356E-003
  -1732.0000000000000       -7.4704592835856242E-003
  -1728.0000000000000       -8.0761434232933943E-003
  -1724.0000000000000       -8.7094381892755292E-003
  -1720.0000000000000       -9.3690567307724744E-003
  -1716.0000000000000       -1.0053364302006621E-002
  -1712.0000000000000       -1.0760366142579058E-002
  -1708.0000000000000       -1.1487699976270227E-002
  -1704.0000000000000       -1.2232633806034274E-002
  -1700.0000000000000       -1.2992069644285427E-002
  -1696.0000000000000       -1.3762553756821373E-002
  -1692.0000000000000       -1.4540293914525975E-002
  -1688.0000000000000       -1.5321184038530120E-002
  -1684.0000000000000       -1.6100836491616619E-002
  -1680.0000000000000       -1.6874622111932500E-002
  -1676.0000000000000       -1.7637717906002815E-002
  -1672.0000000000000       -1.8385162119042359E-002
  -1668.0000000000000       -1.9111916185054725E-002
  -1664.0000000000000       -1.9812932831666852E-002
  -1660.0000000000000       -2.0483229380557074E-002
  -1656.0000000000000       -2.1117965050158664E-002
  -1652.0000000000000       -2.1712520840434159E-002
  -1648.0000000000000       -2.2262580368021034E-002
  -1644.0000000000000       -2.2764209832603161E-002
  -1640.0000000000000       -2.3213935140961570E-002
  -1636.0000000000000       -2.3608814102800416E-002
  -1632.0000000000000       -2.3946501550812384E-002
  -1628.0000000000000       -2.4225305234588292E-002
  -1624.0000000000000       -2.4444230400787997E-002
  -1620.0000000000000       -2.4603011105966813E-002
  -1616.0000000000000       -2.4702126517114294E-002
  -1612.0000000000000       -2.4742800739625849E-002
  -1608.0000000000000       -2.4726985071710516E-002
  -1604.0000000000000       -2.4657322013883948E-002
  -1600.0000000000000       -2.4537090854840377E-002
  -1596.0000000000000       -2.4370135199997093E-002
  -1592.0000000000000       -2.4160773392569147E-002
  -1588.0000000000000       -2.3913693382325390E-002
  -1584.0000000000000       -2.3633834204574860E-002
  -1580.0000000000000       -2.3326256819603843E-002
  -1576.0000000000000       -2.2996007607221296E-002
  -1572.0000000000000       -2.2647978287885139E-002
  -1568.0000000000000       -2.2286766426750353E-002
  -1564.0000000000000       -2.1916540946597462E-002
  -1560.0000000000000       -2.1540917208869456E-002
  -1556.0000000000000       -2.1162846201119336E-002
  -1552.0000000000000       -2.0784522180668275E-002
  -1548.0000000000000       -2.0407312760293179E-002
  -1544.0000000000000       -2.0031714880857161E-002
  -1540.0000000000000       -1.9657339403709624E-002
  -1536.0000000000000       -1.9282926185923335E-002
  -1532.0000000000000       -1.8906390495426199E-002
  -1528.0000000000000       -1.8524900510142040E-002
  -1524.0000000000000       -1.8134984462011831E-002
  -1520.0000000000000       -1.7732664776320337E-002
  -1516.0000000000000       -1.7313615367387743E-002
  -1512.0000000000000       -1.6873337135118838E-002
  -1508.0000000000000       -1.6407345716343565E-002
  -1504.0000000000000       -1.5911364732612385E-002
  -1500.0000000000000       -1.5381517191069480E-002
  -1496.0000000000000       -1.4814507380059207E-002
  -1492.0000000000000       -1.4207785590517674E-002
  -1488.0000000000000       -1.3559688311105985E-002
  -1484.0000000000000       -1.2869547199456639E-002
  -1480.0000000000000       -1.2137761118841775E-002
  -1476.0000000000000       -1.1365826828076115E-002
  -1472.0000000000000       -1.0556325485071577E-002
  -1468.0000000000000       -9.7128639176649705E-003
  -1464.0000000000000       -8.8399715607688206E-003
  -1460.0000000000000       -7.9429559754871336E-003
  -1456.0000000000000       -7.0277218627771689E-003
  -1452.0000000000000       -6.1005603647489113E-003
  -1448.0000000000000       -5.1679171124899429E-003
  -1444.0000000000000       -4.2361488354689088E-003
  -1440.0000000000000       -3.3112793078042243E-003
  -1436.0000000000000       -2.3987658984545241E-003
  -1432.0000000000000       -1.5032879618770781E-003
  -1428.0000000000000       -6.2856772213819062E-004
  -1424.0000000000000        2.2276683741965703E-004
  -1420.0000000000000        1.0492692405014623E-003
  -1416.0000000000000        1.8507062538825328E-003
  -1412.0000000000000        2.6280309541928605E-003
  -1408.0000000000000        3.3832968190562079E-003
  -1404.0000000000000        4.1195155212124428E-003
  -1400.0000000000000        4.8404640921312124E-003
  -1396.0000000000000        5.5504499527946685E-003
  -1392.0000000000000        6.2540448225686645E-003
  -1388.0000000000000        6.9558005585067702E-003
  -1384.0000000000000        7.6599614097458144E-003
  -1380.0000000000000        8.3701878831846151E-003
  -1376.0000000000000        9.0893073295611453E-003
  -1372.0000000000000        9.8191054362166616E-003
  -1368.0000000000000        1.0560171062755960E-002
  -1364.0000000000000        1.1311804335191827E-002
  -1360.0000000000000        1.2071994727809083E-002
  -1356.0000000000000        1.2837472159751527E-002
  -1352.0000000000000        1.3603830104098944E-002
  -1348.0000000000000        1.4365715570018849E-002
  -1344.0000000000000        1.5117076811350789E-002
  -1340.0000000000000        1.5851455981129688E-002
  -1336.0000000000000        1.6562310925445842E-002
  -1332.0000000000000        1.7243348101926771E-002
  -1328.0000000000000        1.7888847389620374E-002
  -1324.0000000000000        1.8493959448015008E-002
  -1320.0000000000000        1.9054957340798439E-002
  -1316.0000000000000        1.9569426352395898E-002
  -1312.0000000000000        2.0036379206844094E-002
  -1308.0000000000000        2.0456288091703259E-002
  -1304.0000000000000        2.0831029771007474E-002
  -1300.0000000000000        2.1163745361899387E-002
  -1296.0000000000000        2.1458621730434651E-002
  -1292.0000000000000        2.1720606592263648E-002
  -1288.0000000000000        2.1955073942211668E-002
  -1284.0000000000000        2.2167460064125774E-002
  -1280.0000000000000        2.2362892814287345E-002
  -1276.0000000000000        2.2545837919320497E-002
  -1272.0000000000000        2.2719785557061029E-002
  -1268.0000000000000        2.2886998466622756E-002
  -1264.0000000000000        2.3048339335456452E-002
  -1260.0000000000000        2.3203190413645550E-002
  -1256.0000000000000        2.3349472482921362E-002
  -1252.0000000000000        2.3483763816518261E-002
  -1248.0000000000000        2.3601513024735933E-002
  -1244.0000000000000        2.3697333144573222E-002
  -1240.0000000000000        2.3765358460289519E-002
  -1236.0000000000000        2.3799640768866752E-002
  -1232.0000000000000        2.3794558504818493E-002
  -1228.0000000000000        2.3745210598832899E-002
  -1224.0000000000000        2.3647767337102353E-002
  -1220.0000000000000        2.3499752854315555E-002
  -1216.0000000000000        2.3300238133973892E-002
  -1212.0000000000000        2.3049929265811515E-002
  -1208.0000000000000        2.2751142853573412E-002
  -1204.0000000000000        2.2407668401475123E-002
  -1200.0000000000000        2.2024525681191835E-002
  -1196.0000000000000        2.1607632900482666E-002
  -1192.0000000000000        2.1163408369798447E-002
  -1188.0000000000000        2.0698333752273680E-002
  -1184.0000000000000        2.0218510433838214E-002
  -1180.0000000000000        1.9729241741275050E-002
  -1176.0000000000000        1.9234672503545713E-002
  -1172.0000000000000        1.8737513810937689E-002
  -1168.0000000000000        1.8238874977884210E-002
  -1164.0000000000000        1.7738217036460613E-002
  -1160.0000000000000        1.7233433111740977E-002
  -1156.0000000000000        1.6721051410822252E-002
  -1152.0000000000000        1.6196547021642017E-002
  -1148.0000000000000        1.5654740012443106E-002
  -1144.0000000000000        1.5090250155656661E-002
  -1140.0000000000000        1.4497973581983835E-002
  -1136.0000000000000        1.3873544262827723E-002
  -1132.0000000000000        1.3213743690631987E-002
  -1128.0000000000000        1.2516825523917660E-002
  -1124.0000000000000        1.1782728099380102E-002
  -1120.0000000000000        1.1013156171720261E-002
  -1116.0000000000000        1.0211523404505464E-002
  -1112.0000000000000        9.3827582240809098E-003
  -1108.0000000000000        8.5329867835588422E-003
  -1104.0000000000000        7.6691170528366348E-003
  -1100.0000000000000        6.7983565831986580E-003
  -1096.0000000000000        5.9277025374598986E-003
  -1092.0000000000000        5.0634455587547688E-003
  -1088.0000000000000        4.2107286413966549E-003
  -1084.0000000000000        3.3731983092365899E-003
  -1080.0000000000000        2.5527783338236921E-003
  -1076.0000000000000        1.7495864496289112E-003
  -1072.0000000000000        9.6200280578506790E-004
  -1068.0000000000000        1.8688618161035302E-004
  -1064.0000000000000       -5.8007865101248235E-004
  -1060.0000000000000       -1.3439305233049613E-003
  -1056.0000000000000       -2.1099158395906179E-003
  -1052.0000000000000       -2.8829506115055871E-003
  -1048.0000000000000       -3.6671068609132901E-003
  -1044.0000000000000       -4.4651683329543839E-003
  -1040.0000000000000       -5.2782951418916466E-003
  -1036.0000000000000       -6.1058280696830274E-003
  -1032.0000000000000       -6.9452514503531241E-003
  -1028.0000000000000       -7.7923198781860185E-003
  -1024.0000000000000       -8.6413395479729444E-003
  -1020.0000000000000       -9.4855811426817708E-003
  -1016.0000000000000       -1.0317789086167933E-002
  -1012.0000000000000       -1.1130742806272218E-002
  -1008.0000000000000       -1.1917820302653802E-002
  -1004.0000000000000       -1.2673513356348207E-002
  -1000.0000000000000       -1.3393847340974605E-002
  -996.00000000000000       -1.4076666570941483E-002
  -992.00000000000000       -1.4721757816188766E-002
  -988.00000000000000       -1.5330799032914731E-002
  -984.00000000000000       -1.5907136234535459E-002
  -980.00000000000000       -1.6455407318463816E-002
  -976.00000000000000       -1.6981046095816427E-002
  -972.00000000000000       -1.7489711365876730E-002
  -968.00000000000000       -1.7986693489785762E-002
  -964.00000000000000       -1.8476353749667811E-002
  -960.00000000000000       -1.8961649463206089E-002
  -956.00000000000000       -1.9443790471320496E-002
  -952.00000000000000       -1.9922060821233975E-002
  -948.00000000000000       -2.0393824259938631E-002
  -944.00000000000000       -2.0854714915994828E-002
  -940.00000000000000       -2.1298996890304109E-002
  -936.00000000000000       -2.1720060086849742E-002
  -932.00000000000000       -2.2111006097098863E-002
  -928.00000000000000       -2.2465268670341654E-002
  -924.00000000000000       -2.2777209239771584E-002
  -920.00000000000000       -2.3042629627259274E-002
  -916.00000000000000       -2.3259151367428694E-002
  -912.00000000000000       -2.3426423465931059E-002
  -908.00000000000000       -2.3546136718757354E-002
  -904.00000000000000       -2.3621841436772300E-002
  -900.00000000000000       -2.3658584738415259E-002
  -896.00000000000000       -2.3662401590782537E-002
  -892.00000000000000       -2.3639708680646365E-002
  -888.00000000000000       -2.3596660440219384E-002
  -884.00000000000000       -2.3538531029185676E-002
  -880.00000000000000       -2.3469184232017548E-002
  -876.00000000000000       -2.3390685140147971E-002
  -872.00000000000000       -2.3303093856950462E-002
  -868.00000000000000       -2.3204463570448749E-002
  -864.00000000000000       -2.3091044924075311E-002
  -860.00000000000000       -2.2957677711734771E-002
  -856.00000000000000       -2.2798331652971758E-002
  -852.00000000000000       -2.2606742365492767E-002
  -848.00000000000000       -2.2377078310635203E-002
  -844.00000000000000       -2.2104570594976541E-002
  -840.00000000000000       -2.1786040577118009E-002
  -836.00000000000000       -2.1420270051248236E-002
  -832.00000000000000       -2.1008174451589423E-002
  -828.00000000000000       -2.0552759511264920E-002
  -824.00000000000000       -2.0058864102908025E-002
  -820.00000000000000       -1.9532714294846869E-002
  -816.00000000000000       -1.8981333640125064E-002
  -812.00000000000000       -1.8411870241024968E-002
  -808.00000000000000       -1.7830910494839994E-002
  -804.00000000000000       -1.7243851543177591E-002
  -800.00000000000000       -1.6654398980922577E-002
  -796.00000000000000       -1.6064243795306302E-002
  -792.00000000000000       -1.5472954029792176E-002
  -788.00000000000000       -1.4878094181630514E-002
  -784.00000000000000       -1.4275561188052597E-002
  -780.00000000000000       -1.3660102596082262E-002
  -776.00000000000000       -1.3025962655102719E-002
  -772.00000000000000       -1.2367587806290846E-002
  -768.00000000000000       -1.1680315988972118E-002
  -764.00000000000000       -1.0960975207817318E-002
  -760.00000000000000       -1.0208325911584952E-002
  -756.00000000000000       -9.4232980497806606E-003
  -752.00000000000000       -8.6089955238029571E-003
  -748.00000000000000       -7.7704658273095662E-003
  -744.00000000000000       -6.9142582789983604E-003
  -740.00000000000000       -6.0478175901959820E-003
  -736.00000000000000       -5.1787779846392996E-003
  -732.00000000000000       -4.3142345984693888E-003
  -728.00000000000000       -3.4600720707118394E-003
  -724.00000000000000       -2.6204246249721501E-003
  -720.00000000000000       -1.7973280465195241E-003
  -716.00000000000000       -9.9060320932587657E-004
  -712.00000000000000       -1.9798542449188275E-004
  -708.00000000000000        5.8451336453415660E-004
  -704.00000000000000        1.3620486025343625E-003
  -700.00000000000000        2.1402544150984958E-003
  -696.00000000000000        2.9244986086014273E-003
  -692.00000000000000        3.7191647651716913E-003
  -688.00000000000000        4.5270424568732218E-003
  -684.00000000000000        5.3488950758552763E-003
  -680.00000000000000        6.1832552771528384E-003
  -676.00000000000000        7.0264726713629728E-003
  -672.00000000000000        7.8730099949670829E-003
  -668.00000000000000        8.7159557229774098E-003
  -664.00000000000000        9.5476961961312862E-003
  -660.00000000000000        1.0360671696502051E-002
  -656.00000000000000        1.1148130727667335E-002
  -652.00000000000000        1.1904796303886066E-002
  -648.00000000000000        1.2627367491083072E-002
  -644.00000000000000        1.3314797797542693E-002
  -640.00000000000000        1.3968317268606934E-002
  -636.00000000000000        1.4591194457262676E-002
  -632.00000000000000        1.5188264473554447E-002
  -628.00000000000000        1.5765276586289564E-002
  -624.00000000000000        1.6328136162745217E-002
  -620.00000000000000        1.6882128541388139E-002
  -616.00000000000000        1.7431215154121205E-002
  -612.00000000000000        1.7977484422504689E-002
  -608.00000000000000        1.8520822446529115E-002
  -604.00000000000000        1.9058843233653613E-002
  -600.00000000000000        1.9587088064801056E-002
  -596.00000000000000        2.0099472056937209E-002
  -592.00000000000000        2.0588926758311050E-002
  -588.00000000000000        2.1048164173011464E-002
  -584.00000000000000        2.1470472783922879E-002
  -580.00000000000000        2.1850451768350005E-002
  -576.00000000000000        2.2184596300811193E-002
  -572.00000000000000        2.2471663926264453E-002
  -568.00000000000000        2.2712777533620738E-002
  -564.00000000000000        2.2911251503044437E-002
  -560.00000000000000        2.3072160490931675E-002
  -556.00000000000000        2.3201701141779458E-002
  -552.00000000000000        2.3306422068667659E-002
  -548.00000000000000        2.3392413667763533E-002
  -544.00000000000000        2.3464554698371196E-002
  -540.00000000000000        2.3525906324066641E-002
  -536.00000000000000        2.3577327117584708E-002
  -532.00000000000000        2.3617356356252284E-002
  -528.00000000000000        2.3642380855760030E-002
  -524.00000000000000        2.3647066433985859E-002
  -520.00000000000000        2.3625002980490827E-002
  -516.00000000000000        2.3569485942694687E-002
  -512.00000000000000        2.3474340054461459E-002
  -508.00000000000000        2.3334685470177030E-002
  -504.00000000000000        2.3147552912382446E-002
  -500.00000000000000        2.2912272309188405E-002
  -496.00000000000000        2.2630586602399853E-002
  -492.00000000000000        2.2306475699653203E-002
  -488.00000000000000        2.1945710898369528E-002
  -484.00000000000000        2.1555193209453836E-002
  -480.00000000000000        2.1142155774391904E-002
  -476.00000000000000        2.0713327661792617E-002
  -472.00000000000000        2.0274161569943668E-002
  -468.00000000000000        1.9828220613308696E-002
  -464.00000000000000        1.9376800243059211E-002
  -460.00000000000000        1.8918832717584991E-002
  -456.00000000000000        1.8451086867603050E-002
  -452.00000000000000        1.7968639439317043E-002
  -448.00000000000000        1.7465560554045231E-002
  -444.00000000000000        1.6935729001078752E-002
  -440.00000000000000        1.6373676564344967E-002
  -436.00000000000000        1.5775356500478087E-002
  -432.00000000000000        1.5138740232240846E-002
  -428.00000000000000        1.4464167272499105E-002
  -424.00000000000000        1.3754403818156747E-002
  -420.00000000000000        1.3014401613980134E-002
  -416.00000000000000        1.2250786098835951E-002
  -412.00000000000000        1.1471136835238488E-002
  -408.00000000000000        1.0683149504195466E-002
  -404.00000000000000        9.8937839730195640E-003
  -400.00000000000000        9.1085051301426148E-003
  -396.00000000000000        8.3307119699614959E-003
  -392.00000000000000        7.5614271291065795E-003
  -388.00000000000000        6.7992865816110934E-003
  -384.00000000000000        6.0408315359722024E-003
  -380.00000000000000        5.2810664658327899E-003
  -376.00000000000000        4.5142134616324566E-003
  -372.00000000000000        3.7345680075528092E-003
  -368.00000000000000        2.9373480931025472E-003
  -364.00000000000000        2.1194290027797846E-003
  -360.00000000000000        1.2798702131410036E-003
  -356.00000000000000        4.2016685271461206E-004
  -352.00000000000000       -4.5580709463283680E-004
  -348.00000000000000       -1.3421576073101922E-003
  -344.00000000000000       -2.2315867929501077E-003
  -340.00000000000000       -3.1161888166982218E-003
  -336.00000000000000       -3.9883248330699053E-003
  -332.00000000000000       -4.8414657482526782E-003
  -328.00000000000000       -5.6708953744829156E-003
  -324.00000000000000       -6.4741840167471219E-003
  -320.00000000000000       -7.2513715863202471E-003
  -316.00000000000000       -8.0048363016392843E-003
  -312.00000000000000       -8.7388652154954099E-003
  -308.00000000000000       -9.4589810608048854E-003
  -304.00000000000000       -1.0171111316614297E-002
  -300.00000000000000       -1.0880705895863645E-002
  -296.00000000000000       -1.1591916762685927E-002
  -292.00000000000000       -1.2306945151200430E-002
  -288.00000000000000       -1.3025640799576835E-002
  -284.00000000000000       -1.3745405412769567E-002
  -280.00000000000000       -1.4461413529499945E-002
  -276.00000000000000       -1.5167123100975182E-002
  -272.00000000000000       -1.5855010657895682E-002
  -268.00000000000000       -1.6517436796337409E-002
  -264.00000000000000       -1.7147530650716305E-002
  -260.00000000000000       -1.7739979295292016E-002
  -256.00000000000000       -1.8291620030324980E-002
  -252.00000000000000       -1.8801758762770116E-002
  -248.00000000000000       -1.9272172959480444E-002
  -244.00000000000000       -1.9706798396426719E-002
  -240.00000000000000       -2.0111139884579254E-002
  -236.00000000000000       -2.0491482008066785E-002
  -232.00000000000000       -2.0854001992004333E-002
  -228.00000000000000       -2.1203899708137165E-002
  -224.00000000000000       -2.1544657811672224E-002
  -220.00000000000000       -2.1877528301374242E-002
  -216.00000000000000       -2.2201312538826054E-002
  -212.00000000000000       -2.2512463725408705E-002
  -208.00000000000000       -2.2805498946738514E-002
  -204.00000000000000       -2.3073667600609832E-002
  -200.00000000000000       -2.3309789580224075E-002
  -196.00000000000000       -2.3507154364799113E-002
  -192.00000000000000       -2.3660364096173874E-002
  -188.00000000000000       -2.3766010874540729E-002
  -184.00000000000000       -2.3823099984140474E-002
  -180.00000000000000       -2.3833163782124210E-002
  -176.00000000000000       -2.3800051257337407E-002
  -172.00000000000000       -2.3729420540444416E-002
  -168.00000000000000       -2.3628000401301502E-002
  -164.00000000000000       -2.3502716934094298E-002
  -160.00000000000000       -2.3359799252664765E-002
  -156.00000000000000       -2.3203980781986110E-002
  -152.00000000000000       -2.3037900264721783E-002
  -148.00000000000000       -2.2861780527169497E-002
  -144.00000000000000       -2.2673426774193060E-002
  -140.00000000000000       -2.2468544454662474E-002
  -136.00000000000000       -2.2241335020982085E-002
  -132.00000000000000       -2.1985291661518552E-002
  -128.00000000000000       -2.1694091057635950E-002
  -124.00000000000000       -2.1362464809562658E-002
  -120.00000000000000       -2.0986936999358823E-002
  -116.00000000000000       -2.0566332024913054E-002
  -112.00000000000000       -2.0101987006608563E-002
  -108.00000000000000       -1.9597641758244046E-002
  -104.00000000000000       -1.9059021431721883E-002
  -100.00000000000000       -1.8493166955082921E-002
  -96.000000000000000       -1.7907601038987201E-002
  -92.000000000000000       -1.7309438562188528E-002
  -88.000000000000000       -1.6704556839060979E-002
  -84.000000000000000       -1.6096932798286893E-002
  -80.000000000000000       -1.5488231641862624E-002
  -76.000000000000000       -1.4877698130933450E-002
  -72.000000000000000       -1.4262361720548535E-002
  -68.000000000000000       -1.3637525642431985E-002
  -64.000000000000000       -1.2997473152786434E-002
  -60.000000000000000       -1.2336296374114056E-002
  -56.000000000000000       -1.1648738089809325E-002
  -52.000000000000000       -1.0930936414359084E-002
  -48.000000000000000       -1.0180976420412704E-002
  -44.000000000000000       -9.3991795726242264E-003
  -40.000000000000000       -8.5880975405039136E-003
  -36.000000000000000       -7.7522168041783282E-003
  -32.000000000000000       -6.8974190665316189E-003
  -28.000000000000000       -6.0302746739639024E-003
  -24.000000000000000       -5.1572677421327841E-003
  -20.000000000000000       -4.2840596555956652E-003
  -16.000000000000000       -3.4148910664035604E-003
  -12.000000000000000       -2.5522024221223136E-003
  -8.0000000000000000       -1.6965221994593757E-003
  -4.0000000000000000       -8.4663464142534543E-004
   0.0000000000000000        8.1218347934419481E-017
   4.0000000000000000        8.4663464142550806E-004
   8.0000000000000000        1.6965221994595353E-003
   12.000000000000000        2.5522024221224689E-003
   16.000000000000000        3.4148910664037148E-003
   20.000000000000000        4.2840596555958205E-003
   24.000000000000000        5.1572677421329316E-003
   28.000000000000000        6.0302746739640378E-003
   32.000000000000000        6.8974190665317611E-003
   36.000000000000000        7.7522168041784687E-003
   40.000000000000000        8.5880975405040489E-003
   44.000000000000000        9.3991795726243443E-003
   48.000000000000000        1.0180976420412822E-002
   52.000000000000000        1.0930936414359211E-002
   56.000000000000000        1.1648738089809440E-002
   60.000000000000000        1.2336296374114174E-002
   64.000000000000000        1.2997473152786545E-002
   68.000000000000000        1.3637525642432100E-002
   72.000000000000000        1.4262361720548664E-002
   76.000000000000000        1.4877698130933543E-002
   80.000000000000000        1.5488231641862731E-002
   84.000000000000000        1.6096932798286993E-002
   88.000000000000000        1.6704556839061087E-002
   92.000000000000000        1.7309438562188615E-002
   96.000000000000000        1.7907601038987295E-002
   100.00000000000000        1.8493166955082997E-002
   104.00000000000000        1.9059021431721959E-002
   108.00000000000000        1.9597641758244126E-002
   112.00000000000000        2.0101987006608656E-002
   116.00000000000000        2.0566332024913089E-002
   120.00000000000000        2.0986936999358871E-002
   124.00000000000000        2.1362464809562706E-002
   128.00000000000000        2.1694091057635995E-002
   132.00000000000000        2.1985291661518590E-002
   136.00000000000000        2.2241335020982099E-002
   140.00000000000000        2.2468544454662502E-002
   144.00000000000000        2.2673426774193095E-002
   148.00000000000000        2.2861780527169515E-002
   152.00000000000000        2.3037900264721810E-002
   156.00000000000000        2.3203980781986138E-002
   160.00000000000000        2.3359799252664810E-002
   164.00000000000000        2.3502716934094305E-002
   168.00000000000000        2.3628000401301533E-002
   172.00000000000000        2.3729420540444430E-002
   176.00000000000000        2.3800051257337414E-002
   180.00000000000000        2.3833163782124214E-002
   184.00000000000000        2.3823099984140478E-002
   188.00000000000000        2.3766010874540715E-002
   192.00000000000000        2.3660364096173860E-002
   196.00000000000000        2.3507154364799079E-002
   200.00000000000000        2.3309789580224029E-002
   204.00000000000000        2.3073667600609801E-002
   208.00000000000000        2.2805498946738462E-002
   212.00000000000000        2.2512463725408653E-002
   216.00000000000000        2.2201312538825974E-002
   220.00000000000000        2.1877528301374179E-002
   224.00000000000000        2.1544657811672179E-002
   228.00000000000000        2.1203899708137079E-002
   232.00000000000000        2.0854001992004250E-002
   236.00000000000000        2.0491482008066698E-002
   240.00000000000000        2.0111139884579163E-002
   244.00000000000000        1.9706798396426639E-002
   248.00000000000000        1.9272172959480346E-002
   252.00000000000000        1.8801758762770009E-002
   256.00000000000000        1.8291620030324890E-002
   260.00000000000000        1.7739979295291919E-002
   264.00000000000000        1.7147530650716218E-002
   268.00000000000000        1.6517436796337309E-002
   272.00000000000000        1.5855010657895605E-002
   276.00000000000000        1.5167123100975078E-002
   280.00000000000000        1.4461413529499855E-002
   284.00000000000000        1.3745405412769463E-002
   288.00000000000000        1.3025640799576741E-002
   292.00000000000000        1.2306945151200326E-002
   296.00000000000000        1.1591916762685827E-002
   300.00000000000000        1.0880705895863547E-002
   304.00000000000000        1.0171111316614195E-002
   308.00000000000000        9.4589810608047848E-003
   312.00000000000000        8.7388652154953006E-003
   316.00000000000000        8.0048363016391802E-003
   320.00000000000000        7.2513715863201326E-003
   324.00000000000000        6.4741840167470040E-003
   328.00000000000000        5.6708953744827933E-003
   332.00000000000000        4.8414657482525490E-003
   336.00000000000000        3.9883248330697674E-003
   340.00000000000000        3.1161888166980770E-003
   344.00000000000000        2.2315867929499551E-003
   348.00000000000000        1.3421576073100305E-003
   352.00000000000000        4.5580709463266821E-004
   356.00000000000000       -4.2016685271478726E-004
   360.00000000000000       -1.2798702131411868E-003
   364.00000000000000       -2.1194290027799732E-003
   368.00000000000000       -2.9373480931027397E-003
   372.00000000000000       -3.7345680075530131E-003
   376.00000000000000       -4.5142134616326631E-003
   380.00000000000000       -5.2810664658329990E-003
   384.00000000000000       -6.0408315359724079E-003
   388.00000000000000       -6.7992865816113119E-003
   392.00000000000000       -7.5614271291067877E-003
   396.00000000000000       -8.3307119699617214E-003
   400.00000000000000       -9.1085051301428369E-003
   404.00000000000000       -9.8937839730197964E-003
   408.00000000000000       -1.0683149504195688E-002
   412.00000000000000       -1.1471136835238703E-002
   416.00000000000000       -1.2250786098836166E-002
   420.00000000000000       -1.3014401613980349E-002
   424.00000000000000       -1.3754403818156966E-002
   428.00000000000000       -1.4464167272499310E-002
   432.00000000000000       -1.5138740232241051E-002
   436.00000000000000       -1.5775356500478281E-002
   440.00000000000000       -1.6373676564345189E-002
   444.00000000000000       -1.6935729001078943E-002
   448.00000000000000       -1.7465560554045429E-002
   452.00000000000000       -1.7968639439317237E-002
   456.00000000000000       -1.8451086867603231E-002
   460.00000000000000       -1.8918832717585179E-002
   464.00000000000000       -1.9376800243059412E-002
   468.00000000000000       -1.9828220613308863E-002
   472.00000000000000       -2.0274161569943851E-002
   476.00000000000000       -2.0713327661792760E-002
   480.00000000000000       -2.1142155774392057E-002
   484.00000000000000       -2.1555193209453965E-002
   488.00000000000000       -2.1945710898369688E-002
   492.00000000000000       -2.2306475699653345E-002
   496.00000000000000       -2.2630586602399982E-002
   500.00000000000000       -2.2912272309188533E-002
   504.00000000000000       -2.3147552912382543E-002
   508.00000000000000       -2.3334685470177141E-002
   512.00000000000000       -2.3474340054461570E-002
   516.00000000000000       -2.3569485942694788E-002
   520.00000000000000       -2.3625002980490913E-002
   524.00000000000000       -2.3647066433985935E-002
   528.00000000000000       -2.3642380855760130E-002
   532.00000000000000       -2.3617356356252367E-002
   536.00000000000000       -2.3577327117584795E-002
   540.00000000000000       -2.3525906324066700E-002
   544.00000000000000       -2.3464554698371259E-002
   548.00000000000000       -2.3392413667763585E-002
   552.00000000000000       -2.3306422068667686E-002
   556.00000000000000       -2.3201701141779503E-002
   560.00000000000000       -2.3072160490931689E-002
   564.00000000000000       -2.2911251503044461E-002
   568.00000000000000       -2.2712777533620766E-002
   572.00000000000000       -2.2471663926264443E-002
   576.00000000000000       -2.2184596300811186E-002
   580.00000000000000       -2.1850451768349998E-002
   584.00000000000000       -2.1470472783922862E-002
   588.00000000000000       -2.1048164173011447E-002
   592.00000000000000       -2.0588926758311015E-002
   596.00000000000000       -2.0099472056937163E-002
   600.00000000000000       -1.9587088064801021E-002
   604.00000000000000       -1.9058843233653585E-002
   608.00000000000000       -1.8520822446529087E-002
   612.00000000000000       -1.7977484422504665E-002
   616.00000000000000       -1.7431215154121174E-002
   620.00000000000000       -1.6882128541388090E-002
   624.00000000000000       -1.6328136162745178E-002
   628.00000000000000       -1.5765276586289532E-002
   632.00000000000000       -1.5188264473554406E-002
   636.00000000000000       -1.4591194457262620E-002
   640.00000000000000       -1.3968317268606903E-002
   644.00000000000000       -1.3314797797542662E-002
   648.00000000000000       -1.2627367491083038E-002
   652.00000000000000       -1.1904796303886042E-002
   656.00000000000000       -1.1148130727667325E-002
   660.00000000000000       -1.0360671696502042E-002
   664.00000000000000       -9.5476961961312844E-003
   668.00000000000000       -8.7159557229773994E-003
   672.00000000000000       -7.8730099949670968E-003
   676.00000000000000       -7.0264726713629919E-003
   680.00000000000000       -6.1832552771528609E-003
   684.00000000000000       -5.3488950758553162E-003
   688.00000000000000       -4.5270424568732729E-003
   692.00000000000000       -3.7191647651717502E-003
   696.00000000000000       -2.9244986086014993E-003
   700.00000000000000       -2.1402544150985756E-003
   704.00000000000000       -1.3620486025344527E-003
   708.00000000000000       -5.8451336453425775E-004
   712.00000000000000        1.9798542449177080E-004
   716.00000000000000        9.9060320932575470E-004
   720.00000000000000        1.7973280465193879E-003
   724.00000000000000        2.6204246249720044E-003
   728.00000000000000        3.4600720707116763E-003
   732.00000000000000        4.3142345984692188E-003
   736.00000000000000        5.1787779846391158E-003
   740.00000000000000        6.0478175901957885E-003
   744.00000000000000        6.9142582789981592E-003
   748.00000000000000        7.7704658273093528E-003
   752.00000000000000        8.6089955238027316E-003
   756.00000000000000        9.4232980497804490E-003
   760.00000000000000        1.0208325911584720E-002
   764.00000000000000        1.0960975207817079E-002
   768.00000000000000        1.1680315988971861E-002
   772.00000000000000        1.2367587806290586E-002
   776.00000000000000        1.3025962655102452E-002
   780.00000000000000        1.3660102596081991E-002
   784.00000000000000        1.4275561188052340E-002
   788.00000000000000        1.4878094181630244E-002
   792.00000000000000        1.5472954029791916E-002
   796.00000000000000        1.6064243795306042E-002
   800.00000000000000        1.6654398980922316E-002
   804.00000000000000        1.7243851543177327E-002
   808.00000000000000        1.7830910494839713E-002
   812.00000000000000        1.8411870241024704E-002
   816.00000000000000        1.8981333640124803E-002
   820.00000000000000        1.9532714294846602E-002
   824.00000000000000        2.0058864102907775E-002
   828.00000000000000        2.0552759511264652E-002
   832.00000000000000        2.1008174451589146E-002
   836.00000000000000        2.1420270051247994E-002
   840.00000000000000        2.1786040577117770E-002
   844.00000000000000        2.2104570594976253E-002
   848.00000000000000        2.2377078310634957E-002
   852.00000000000000        2.2606742365492496E-002
   856.00000000000000        2.2798331652971498E-002
   860.00000000000000        2.2957677711734535E-002
   864.00000000000000        2.3091044924075089E-002
   868.00000000000000        2.3204463570448509E-002
   872.00000000000000        2.3303093856950244E-002
   876.00000000000000        2.3390685140147735E-002
   880.00000000000000        2.3469184232017316E-002
   884.00000000000000        2.3538531029185454E-002
   888.00000000000000        2.3596660440219148E-002
   892.00000000000000        2.3639708680646149E-002
   896.00000000000000        2.3662401590782308E-002
   900.00000000000000        2.3658584738415044E-002
   904.00000000000000        2.3621841436772095E-002
   908.00000000000000        2.3546136718757150E-002
   912.00000000000000        2.3426423465930844E-002
   916.00000000000000        2.3259151367428489E-002
   920.00000000000000        2.3042629627259063E-002
   924.00000000000000        2.2777209239771383E-002
   928.00000000000000        2.2465268670341453E-002
   932.00000000000000        2.2111006097098668E-002
   936.00000000000000        2.1720060086849541E-002
   940.00000000000000        2.1298996890303918E-002
   944.00000000000000        2.0854714915994658E-002
   948.00000000000000        2.0393824259938447E-002
   952.00000000000000        1.9922060821233802E-002
   956.00000000000000        1.9443790471320329E-002
   960.00000000000000        1.8961649463205943E-002
   964.00000000000000        1.8476353749667655E-002
   968.00000000000000        1.7986693489785613E-002
   972.00000000000000        1.7489711365876574E-002
   976.00000000000000        1.6981046095816278E-002
   980.00000000000000        1.6455407318463653E-002
   984.00000000000000        1.5907136234535310E-002
   988.00000000000000        1.5330799032914582E-002
   992.00000000000000        1.4721757816188631E-002
   996.00000000000000        1.4076666570941320E-002
   1000.0000000000000        1.3393847340974452E-002
   1004.0000000000000        1.2673513356348051E-002
   1008.0000000000000        1.1917820302653636E-002
   1012.0000000000000        1.1130742806272057E-002
   1016.0000000000000        1.0317789086167775E-002
   1020.0000000000000        9.4855811426816147E-003
   1024.0000000000000        8.6413395479727814E-003
   1028.0000000000000        7.7923198781858537E-003
   1032.0000000000000        6.9452514503529524E-003
   1036.0000000000000        6.1058280696828504E-003
   1040.0000000000000        5.2782951418914670E-003
   1044.0000000000000        4.4651683329542027E-003
   1048.0000000000000        3.6671068609131149E-003
   1052.0000000000000        2.8829506115054019E-003
   1056.0000000000000        2.1099158395904323E-003
   1060.0000000000000        1.3439305233047692E-003
   1064.0000000000000        5.8007865101228828E-004
   1068.0000000000000       -1.8688618161054758E-004
   1072.0000000000000       -9.6200280578526804E-004
   1076.0000000000000       -1.7495864496291124E-003
   1080.0000000000000       -2.5527783338238968E-003
   1084.0000000000000       -3.3731983092367929E-003
   1088.0000000000000       -4.2107286413968579E-003
   1092.0000000000000       -5.0634455587549743E-003
   1096.0000000000000       -5.9277025374601050E-003
   1100.0000000000000       -6.7983565831988627E-003
   1104.0000000000000       -7.6691170528368291E-003
   1108.0000000000000       -8.5329867835590451E-003
   1112.0000000000000       -9.3827582240810919E-003
   1116.0000000000000       -1.0211523404505662E-002
   1120.0000000000000       -1.1013156171720443E-002
   1124.0000000000000       -1.1782728099380293E-002
   1128.0000000000000       -1.2516825523917840E-002
   1132.0000000000000       -1.3213743690632154E-002
   1136.0000000000000       -1.3873544262827889E-002
   1140.0000000000000       -1.4497973581984009E-002
   1144.0000000000000       -1.5090250155656806E-002
   1148.0000000000000       -1.5654740012443238E-002
   1152.0000000000000       -1.6196547021642152E-002
   1156.0000000000000       -1.6721051410822387E-002
   1160.0000000000000       -1.7233433111741109E-002
   1164.0000000000000       -1.7738217036460741E-002
   1168.0000000000000       -1.8238874977884317E-002
   1172.0000000000000       -1.8737513810937797E-002
   1176.0000000000000       -1.9234672503545804E-002
   1180.0000000000000       -1.9729241741275130E-002
   1184.0000000000000       -2.0218510433838280E-002
   1188.0000000000000       -2.0698333752273743E-002
   1192.0000000000000       -2.1163408369798509E-002
   1196.0000000000000       -2.1607632900482735E-002
   1200.0000000000000       -2.2024525681191901E-002
   1204.0000000000000       -2.2407668401475157E-002
   1208.0000000000000       -2.2751142853573443E-002
   1212.0000000000000       -2.3049929265811543E-002
   1216.0000000000000       -2.3300238133973930E-002
   1220.0000000000000       -2.3499752854315555E-002
   1224.0000000000000       -2.3647767337102350E-002
   1228.0000000000000       -2.3745210598832913E-002
   1232.0000000000000       -2.3794558504818483E-002
   1236.0000000000000       -2.3799640768866741E-002
   1240.0000000000000       -2.3765358460289508E-002
   1244.0000000000000       -2.3697333144573195E-002
   1248.0000000000000       -2.3601513024735902E-002
   1252.0000000000000       -2.3483763816518229E-002
   1256.0000000000000       -2.3349472482921321E-002
   1260.0000000000000       -2.3203190413645512E-002
   1264.0000000000000       -2.3048339335456407E-002
   1268.0000000000000       -2.2886998466622697E-002
   1272.0000000000000       -2.2719785557060970E-002
   1276.0000000000000       -2.2545837919320442E-002
   1280.0000000000000       -2.2362892814287286E-002
   1284.0000000000000       -2.2167460064125715E-002
   1288.0000000000000       -2.1955073942211609E-002
   1292.0000000000000       -2.1720606592263575E-002
   1296.0000000000000       -2.1458621730434588E-002
   1300.0000000000000       -2.1163745361899296E-002
   1304.0000000000000       -2.0831029771007387E-002
   1308.0000000000000       -2.0456288091703176E-002
   1312.0000000000000       -2.0036379206844000E-002
   1316.0000000000000       -1.9569426352395818E-002
   1320.0000000000000       -1.9054957340798349E-002
   1324.0000000000000       -1.8493959448014931E-002
   1328.0000000000000       -1.7888847389620287E-002
   1332.0000000000000       -1.7243348101926681E-002
   1336.0000000000000       -1.6562310925445755E-002
   1340.0000000000000       -1.5851455981129605E-002
   1344.0000000000000       -1.5117076811350709E-002
   1348.0000000000000       -1.4365715570018769E-002
   1352.0000000000000       -1.3603830104098878E-002
   1356.0000000000000       -1.2837472159751478E-002
   1360.0000000000000       -1.2071994727809034E-002
   1364.0000000000000       -1.1311804335191789E-002
   1368.0000000000000       -1.0560171062755920E-002
   1372.0000000000000       -9.8191054362166321E-003
   1376.0000000000000       -9.0893073295611141E-003
   1380.0000000000000       -8.3701878831845926E-003
   1384.0000000000000       -7.6599614097457988E-003
   1388.0000000000000       -6.9558005585067615E-003
   1392.0000000000000       -6.2540448225686628E-003
   1396.0000000000000       -5.5504499527946720E-003
   1400.0000000000000       -4.8404640921312254E-003
   1404.0000000000000       -4.1195155212124541E-003
   1408.0000000000000       -3.3832968190562304E-003
   1412.0000000000000       -2.6280309541928844E-003
   1416.0000000000000       -1.8507062538825657E-003
   1420.0000000000000       -1.0492692405015029E-003
   1424.0000000000000       -2.2276683741970078E-004
   1428.0000000000000        6.2856772213813728E-004
   1432.0000000000000        1.5032879618770204E-003
   1436.0000000000000        2.3987658984544616E-003
   1440.0000000000000        3.3112793078041531E-003
   1444.0000000000000        4.2361488354688325E-003
   1448.0000000000000        5.1679171124898579E-003
   1452.0000000000000        6.1005603647488228E-003
   1456.0000000000000        7.0277218627770683E-003
   1460.0000000000000        7.9429559754870278E-003
   1464.0000000000000        8.8399715607687009E-003
   1468.0000000000000        9.7128639176648508E-003
   1472.0000000000000        1.0556325485071438E-002
   1476.0000000000000        1.1365826828075973E-002
   1480.0000000000000        1.2137761118841630E-002
   1484.0000000000000        1.2869547199456483E-002
   1488.0000000000000        1.3559688311105825E-002
   1492.0000000000000        1.4207785590517510E-002
   1496.0000000000000        1.4814507380059037E-002
   1500.0000000000000        1.5381517191069297E-002
   1504.0000000000000        1.5911364732612211E-002
   1508.0000000000000        1.6407345716343381E-002
   1512.0000000000000        1.6873337135118661E-002
   1516.0000000000000        1.7313615367387552E-002
   1520.0000000000000        1.7732664776320153E-002
   1524.0000000000000        1.8134984462011634E-002
   1528.0000000000000        1.8524900510141846E-002
   1532.0000000000000        1.8906390495426004E-002
   1536.0000000000000        1.9282926185923133E-002
   1540.0000000000000        1.9657339403709423E-002
   1544.0000000000000        2.0031714880856949E-002
   1548.0000000000000        2.0407312760292978E-002
   1552.0000000000000        2.0784522180668060E-002
   1556.0000000000000        2.1162846201119117E-002
   1560.0000000000000        2.1540917208869234E-002
   1564.0000000000000        2.1916540946597229E-002
   1568.0000000000000        2.2286766426750138E-002
   1572.0000000000000        2.2647978287884910E-002
   1576.0000000000000        2.2996007607221054E-002
   1580.0000000000000        2.3326256819603611E-002
   1584.0000000000000        2.3633834204574627E-002
   1588.0000000000000        2.3913693382325147E-002
   1592.0000000000000        2.4160773392568911E-002
   1596.0000000000000        2.4370135199996847E-002
   1600.0000000000000        2.4537090854840123E-002
   1604.0000000000000        2.4657322013883699E-002
   1608.0000000000000        2.4726985071710256E-002
   1612.0000000000000        2.4742800739625585E-002
   1616.0000000000000        2.4702126517114037E-002
   1620.0000000000000        2.4603011105966539E-002
   1624.0000000000000        2.4444230400787737E-002
   1628.0000000000000        2.4225305234588025E-002
   1632.0000000000000        2.3946501550812124E-002
   1636.0000000000000        2.3608814102800156E-002
   1640.0000000000000        2.3213935140961324E-002
   1644.0000000000000        2.2764209832602904E-002
   1648.0000000000000        2.2262580368020788E-002
   1652.0000000000000        2.1712520840433919E-002
   1656.0000000000000        2.1117965050158418E-002
   1660.0000000000000        2.0483229380556842E-002
   1664.0000000000000        1.9812932831666626E-002
   1668.0000000000000        1.9111916185054503E-002
   1672.0000000000000        1.8385162119042141E-002
   1676.0000000000000        1.7637717906002603E-002
   1680.0000000000000        1.6874622111932299E-002
   1684.0000000000000        1.6100836491616428E-002
   1688.0000000000000        1.5321184038529931E-002
   1692.0000000000000        1.4540293914525796E-002
   1696.0000000000000        1.3762553756821200E-002
   1700.0000000000000        1.2992069644285266E-002
   1704.0000000000000        1.2232633806034121E-002
   1708.0000000000000        1.1487699976270081E-002
   1712.0000000000000        1.0760366142578923E-002
   1716.0000000000000        1.0053364302006490E-002
   1720.0000000000000        9.3690567307723512E-003
   1724.0000000000000        8.7094381892754130E-003
   1728.0000000000000        8.0761434232932867E-003
   1732.0000000000000        7.4704592835855262E-003
   1736.0000000000000        6.8933407676942428E-003
   1740.0000000000000        6.3454302874652443E-003
   1744.0000000000000        5.8270794813651914E-003
   1748.0000000000000        5.3383729195994019E-003
   1752.0000000000000        4.8791530898710288E-003
   1756.0000000000000        4.4490460999528211E-003
   1760.0000000000000        4.0474875877479872E-003
   1764.0000000000000        3.6737483880551957E-003
   1768.0000000000000        3.3269595658767773E-003
   1772.0000000000000        3.0061364870847137E-003
   1776.0000000000000        2.7102016571053183E-003
   1780.0000000000000        2.4380061157554616E-003
   1784.0000000000000        2.1883492304587905E-003
   1788.0000000000000        1.9599967800234142E-003
   1792.0000000000000        1.7516972664201374E-003
   1796.0000000000000        1.5621964322156548E-003
   1800.0000000000000        1.3902499963104895E-003
   1804.0000000000000        1.2346346503955669E-003
   1808.0000000000000        1.0941573831796557E-003
   1812.0000000000000        9.6766321918150661E-004
   1816.0000000000000        8.5404147402218711E-004
   1820.0000000000000        7.5223063906964941E-004
   1824.0000000000000        6.6122201538472241E-004
   1828.0000000000000        5.8006222063529021E-004
   1832.0000000000000        5.0785469342860161E-004
   1836.0000000000000        4.4376031780415985E-004
   1840.0000000000000        3.8699728686191479E-004
   1844.0000000000000        3.3684031907965124E-004
   1848.0000000000000        2.9261933417820593E-004
   1852.0000000000000        2.5371768776911438E-004
   1856.0000000000000        2.1957005577516870E-004
   1860.0000000000000        1.8966005102129892E-004
   1864.0000000000000        1.6351764568480490E-004
   1868.0000000000000        1.4071646466603147E-004
   1872.0000000000000        1.2087100655430032E-004
   1876.0000000000000        1.0363384084688519E-004
   1880.0000000000000        8.8692822528497418E-005
   1884.0000000000000        7.5768358105487006E-005
   1888.0000000000000        6.4610750758771645E-005
   1892.0000000000000        5.4997646457803977E-005
   1896.0000000000000        4.6731597672280933E-005
   1900.0000000000000        3.9637756721828096E-005
   1904.0000000000000        3.3561706797869763E-005
   1908.0000000000000        2.8367435248271169E-005
   1912.0000000000000        2.3935450799438042E-005
   1916.0000000000000        2.0161043962815392E-005
   1920.0000000000000        1.6952687890643061E-005
   1924.0000000000000        1.4230575365498044E-005
   1928.0000000000000        1.1925286385473054E-005
   1932.0000000000000        9.9765798986214698E-006
   1936.0000000000000        8.3323026049585833E-006
   1940.0000000000000        6.9474073426398855E-006
   1944.0000000000000        5.7830733703497606E-006
   1948.0000000000000        4.8059208169514206E-006
   1952.0000000000000        3.9873116616556016E-006
   1956.0000000000000        3.3027298062301067E-006
   1960.0000000000000        2.7312330810847218E-006
   1964.0000000000000        2.2549703685121670E-006
   1968.0000000000000        1.8587574109255133E-006
   1972.0000000000000        1.5297052843074362E-006
   1976.0000000000000        1.2568959444801100E-006
   1980.0000000000000        1.0310996856830044E-006
   1984.0000000000000        8.4452977881083292E-007
   1988.0000000000000        6.9062997381357493E-007
   1992.0000000000000        5.6389095206279745E-007
   1996.0000000000000        4.5969219616625534E-007
   2000.0000000000000        3.7416610414023755E-007
