  -2000.0000000000000        5.2443756902276329E-017
  -1996.0000000000000        7.0391842735073644E-017
  -1992.0000000000000        9.4374496776311144E-017
  -1988.0000000000000        1.2638334029813865E-016
  -1984.0000000000000        1.6905458604023781E-016
  -1980.0000000000000        2.2587340562589224E-016
  -1976.0000000000000        3.0144169217034757E-016
  -1972.0000000000000        4.0182843167040779E-016
  -1968.0000000000000        5.3502757692212318E-016
  -1964.0000000000000        7.1155563273065126E-016
  -1960.0000000000000        9.4523056811461995E-016
  -1956.0000000000000        1.2541857509068013E-015
  -1952.0000000000000        1.6621880895854385E-015
  -1948.0000000000000        2.2003493999323990E-015
  -1944.0000000000000        2.9093453709854788E-015
  -1940.0000000000000        3.8422888767481889E-015
  -1936.0000000000000        5.0684456469404453E-015
  -1932.0000000000000        6.6780328375538579E-015
  -1928.0000000000000        8.7884078029008127E-015
  -1924.0000000000000        1.1552039094468634E-014
  -1920.0000000000000        1.5166759068547421E-014
  -1916.0000000000000        1.9888933313369284E-014
  -1912.0000000000000        2.6050353695118538E-014
  -1908.0000000000000        3.4079878250942007E-014
  -1904.0000000000000        4.4531113719917777E-014
  -1900.0000000000000        5.8117779222556075E-014
  -1896.0000000000000        7.5758819855605911E-014
  -1892.0000000000000        9.8635878263907541E-014
  -1888.0000000000000        1.2826640713879766E-013
  -1884.0000000000000        1.6659654880614085E-013
  -1880.0000000000000        2.1611895988133079E-013
  -1876.0000000000000        2.8002206884539677E-013
  -1872.0000000000000        3.6237888296523824E-013
  -1868.0000000000000        4.6838548241746487E-013
  -1864.0000000000000        6.0466184435190933E-013
  -1860.0000000000000        7.7963073832350344E-013
  -1856.0000000000000        1.0039942612708699E-012
  -1852.0000000000000        1.2913322979627358E-012
  -1848.0000000000000        1.6588529989269057E-012
  -1844.0000000000000        2.1283325008752984E-012
  -1840.0000000000000        2.7272898622812395E-012
  -1836.0000000000000        3.4904538953664385E-012
  -1832.0000000000000        4.4615916612227482E-012
  -1828.0000000000000        5.6957843554908337E-012
  -1824.0000000000000        7.2622557437639784E-012
  -1820.0000000000000        9.2478819193576620E-012
  -1816.0000000000000        1.1761539796957769E-011
  -1812.0000000000000        1.4939486427825199E-011
  -1808.0000000000000        1.8952003114458713E-011
  -1804.0000000000000        2.4011588819031936E-011
  -1800.0000000000000        3.0383048154759487E-011
  -1796.0000000000000        3.8395892266324768E-011
  -1792.0000000000000        4.8459558422218165E-011
  -1788.0000000000000        6.1082058819725359E-011
  -1784.0000000000000        7.6892794043213585E-011
  -1780.0000000000000        9.6670415420582349E-011
  -1776.0000000000000        1.2137679736273341E-010
  -1772.0000000000000        1.5219839046261241E-010
  -1768.0000000000000        1.9059647421432023E-010
  -1764.0000000000000        2.3836812104225442E-010
  -1760.0000000000000        2.9772002816333402E-010
  -1756.0000000000000        3.7135777890333158E-010
  -1752.0000000000000        4.6259356981665457E-010
  -1748.0000000000000        5.7547599489101907E-010
  -1744.0000000000000        7.1494612513854738E-010
  -1740.0000000000000        8.8702487427790111E-010
  -1736.0000000000000        1.0990375137981777E-009
  -1732.0000000000000        1.3598822098487341E-009
  -1728.0000000000000        1.6803506181553711E-009
  -1724.0000000000000        2.0735099112493827E-009
  -1720.0000000000000        2.5551571461361194E-009
  -1716.0000000000000        3.1443586332159678E-009
  -1712.0000000000000        3.8640889634747888E-009
  -1708.0000000000000        4.7419866167816701E-009
  -1704.0000000000000        5.8112456368665594E-009
  -1700.0000000000000        7.1116657463593155E-009
  -1696.0000000000000        8.6908865167462120E-009
  -1692.0000000000000        1.0605834831664060E-008
  -1688.0000000000000        1.2924418915150855E-008
  -1684.0000000000000        1.5727506665033885E-008
  -1680.0000000000000        1.9111230958359039E-008
  -1676.0000000000000        2.3189669999176563E-008
  -1672.0000000000000        2.8097956671732028E-008
  -1668.0000000000000        3.3995877249025138E-008
  -1664.0000000000000        4.1072026682707768E-008
  -1660.0000000000000        4.9548595047831854E-008
  -1656.0000000000000        5.9686867502137467E-008
  -1652.0000000000000        7.1793528293008571E-008
  -1648.0000000000000        8.6227867832488667E-008
  -1644.0000000000000        1.0341000056239970E-007
  -1640.0000000000000        1.2383021011818535E-007
  -1636.0000000000000        1.4805954700740599E-007
  -1632.0000000000000        1.7676181244333266E-007
  -1628.0000000000000        2.1070706986822724E-007
  -1624.0000000000000        2.5078683276775334E-007
  -1620.0000000000000        2.9803108326693686E-007
  -1616.0000000000000        3.5362728030009139E-007
  -1612.0000000000000        4.1894151839005970E-007
  -1608.0000000000000        4.9554199771894594E-007
  -1604.0000000000000        5.8522496261592196E-007
  -1600.0000000000000        6.9004325815291429E-007
  -1596.0000000000000        8.1233764248000299E-007
  -1592.0000000000000        9.5477097503728492E-007
  -1588.0000000000000        1.1203653769757914E-006
  -1584.0000000000000        1.3125424290778025E-006
  -1580.0000000000000        1.5351664332168983E-006
  -1576.0000000000000        1.7925907149420325E-006
  -1572.0000000000000        2.0897068861015892E-006
  -1568.0000000000000        2.4319969165540248E-006
  -1564.0000000000000        2.8255877819968770E-006
  -1560.0000000000000        3.2773083599266399E-006
  -1556.0000000000000        3.7947481369787288E-006
  -1552.0000000000000        4.3863171678250922E-006
  -1548.0000000000000        5.0613065880847989E-006
  -1544.0000000000000        5.8299488312765186E-006
  -1540.0000000000000        6.7034765330044534E-006
  -1536.0000000000000        7.6941789250416389E-006
  -1532.0000000000000        8.8154543289645995E-006
  -1528.0000000000000        1.0081857155290568E-005
  -1524.0000000000000        1.1509137602107478E-005
  -1520.0000000000000        1.3114272030123051E-005
  -1516.0000000000000        1.4915481772860152E-005
  -1512.0000000000000        1.6932237926194849E-005
  -1508.0000000000000        1.9185249456321902E-005
  -1504.0000000000000        2.1696431776194405E-005
  -1500.0000000000000        2.4488852775200722E-005
  -1496.0000000000000        2.7586653153888237E-005
  -1492.0000000000000        3.1014937824480256E-005
  -1488.0000000000000        3.4799635099103824E-005
  -1484.0000000000000        3.8967320412206521E-005
  -1480.0000000000000        4.3545001423227703E-005
  -1476.0000000000000        4.8559861532296635E-005
  -1472.0000000000000        5.4038959127666286E-005
  -1468.0000000000000        6.0008880280716889E-005
  -1464.0000000000000        6.6495343123941565E-005
  -1460.0000000000000        7.3522752799668527E-005
  -1456.0000000000000        8.1113706661068739E-005
  -1452.0000000000000        8.9288450348840525E-005
  -1448.0000000000000        9.8064286460801967E-005
  -1444.0000000000000        1.0745493877798969E-004
  -1440.0000000000000        1.1746987640635948E-004
  -1436.0000000000000        1.2811360372974581E-004
  -1432.0000000000000        1.3938492373395363E-004
  -1428.0000000000000        1.5127618403446678E-004
  -1424.0000000000000        1.6377251679554260E-004
  -1420.0000000000000        1.7685108563377414E-004
  -1416.0000000000000        1.9048035451474328E-004
  -1412.0000000000000        2.0461939553004384E-004
  -1408.0000000000000        2.1921725422930253E-004
  -1404.0000000000000        2.3421239281654272E-004
  -1400.0000000000000        2.4953223293459919E-004
  -1396.0000000000000        2.6509282088226866E-004
  -1392.0000000000000        2.8079863885897355E-004
  -1388.0000000000000        2.9654258613114233E-004
  -1384.0000000000000        3.1220615378268292E-004
  -1380.0000000000000        3.2765981587001294E-004
  -1376.0000000000000        3.4276365827581596E-004
  -1372.0000000000000        3.5736826427811843E-004
  -1368.0000000000000        3.7131587276651975E-004
  -1364.0000000000000        3.8444182110368864E-004
  -1360.0000000000000        3.9657627982414670E-004
  -1356.0000000000000        4.0754628068210446E-004
  -1352.0000000000000        4.1717803302944450E-004
  -1348.0000000000000        4.2529951617629482E-004
  -1344.0000000000000        4.3174332734461051E-004
  -1340.0000000000000        4.3634975618811884E-004
  -1336.0000000000000        4.3897004777471811E-004
  -1332.0000000000000        4.3946980660093432E-004
  -1328.0000000000000        4.3773248485994091E-004
  -1324.0000000000000        4.3366288907676373E-004
  -1320.0000000000000        4.2719063064984716E-004
  -1316.0000000000000        4.1827343811722646E-004
  -1312.0000000000000        4.0690024243773213E-004
  -1308.0000000000000        3.9309394159525555E-004
  -1304.0000000000000        3.7691374775077188E-004
  -1300.0000000000000        3.5845701932779112E-004
  -1296.0000000000000        3.3786048214425626E-004
  -1292.0000000000000        3.1530074828452052E-004
  -1288.0000000000000        2.9099404907377666E-004
  -1284.0000000000000        2.6519510944355342E-004
  -1280.0000000000000        2.3819510524767469E-004
  -1276.0000000000000        2.1031866269511336E-004
  -1272.0000000000000        1.8191987989136285E-004
  -1268.0000000000000        1.5337737428535047E-004
  -1264.0000000000000        1.2508838623772017E-004
  -1260.0000000000000        9.7461997458246418E-005
  -1256.0000000000000        7.0911553070934481E-005
  -1252.0000000000000        4.5846406790912825E-005
  -1248.0000000000000        2.2663139253035721E-005
  -1244.0000000000000        1.7364289293320600E-006
  -1240.0000000000000       -1.6590217761502897E-005
  -1236.0000000000000       -3.2013646742341464E-005
  -1232.0000000000000       -4.4279897255821170E-005
  -1228.0000000000000       -5.3192440170702487E-005
  -1224.0000000000000       -5.8619543318450603E-005
  -1220.0000000000000       -6.0500494312021498E-005
  -1216.0000000000000       -5.8850420548042700E-005
  -1212.0000000000000       -5.3763464451182531E-005
  -1208.0000000000000       -4.5414099843187912E-005
  -1204.0000000000000       -3.4056412671211155E-005
  -1200.0000000000000       -2.0021215939916234E-005
  -1196.0000000000000       -3.7109239262296146E-006
  -1192.0000000000000        1.4407826400063960E-005
  -1188.0000000000000        3.3813749774483842E-005
  -1184.0000000000000        5.3942552399950285E-005
  -1180.0000000000000        7.4200430846229151E-005
  -1176.0000000000000        9.3979148242498601E-005
  -1172.0000000000000        1.1267233315426318E-004
  -1168.0000000000000        1.2969257949834253E-004
  -1164.0000000000000        1.4448886749537655E-004
  -1160.0000000000000        1.5656377891889978E-004
  -1156.0000000000000        1.6548994756006470E-004
  -1152.0000000000000        1.7092517040341652E-004
  -1148.0000000000000        1.7262560861736845E-004
  -1144.0000000000000        1.7045653169099788E-004
  -1140.0000000000000        1.6440010383698183E-004
  -1136.0000000000000        1.5455977931635290E-004
  -1132.0000000000000        1.4116096197339855E-004
  -1128.0000000000000        1.2454769245040750E-004
  -1124.0000000000000        1.0517525180978436E-004
  -1120.0000000000000        8.3598709238748184E-005
  -1116.0000000000000        6.0457589899112252E-005
  -1112.0000000000000        3.6456991790517847E-005
  -1108.0000000000000        1.2345632065111707E-005
  -1104.0000000000000       -1.1108552545425188E-005
  -1100.0000000000000       -3.3144496002169004E-005
  -1096.0000000000000       -5.3034918248338756E-005
  -1092.0000000000000       -7.0113115425707970E-005
  -1088.0000000000000       -8.3798622084663323E-005
  -1084.0000000000000       -9.3620725788059604E-005
  -1080.0000000000000       -9.9238837484195926E-005
  -1076.0000000000000       -1.0045878570139242E-004
  -1072.0000000000000       -9.7244209433950399E-005
  -1068.0000000000000       -8.9722372198308841E-005
  -1064.0000000000000       -7.8183904906329644E-005
  -1060.0000000000000       -6.3076202792986278E-005
  -1056.0000000000000       -4.4990444674231791E-005
  -1052.0000000000000       -2.4642462644703999E-005
  -1048.0000000000000       -2.8479568752142384E-006
  -1044.0000000000000        1.9507187726447033E-005
  -1040.0000000000000        4.1500480393282431E-005
  -1036.0000000000000        6.2209078739176786E-005
  -1032.0000000000000        8.0747320469848119E-005
  -1028.0000000000000        9.6304007470808468E-005
  -1024.0000000000000        1.0817784960210040E-004
  -1020.0000000000000        1.1580947460033562E-004
  -1016.0000000000000        1.1880848063402961E-004
  -1012.0000000000000        1.1697415069585595E-004
  -1008.0000000000000        1.1030866124826818E-004
  -1004.0000000000000        9.9021895990776784E-005
  -1000.0000000000000        8.3527310425936884E-005
  -996.00000000000000        6.4428671887016618E-005
  -992.00000000000000        4.2497907703046715E-005
  -988.00000000000000        1.8644713622036863E-005
  -984.00000000000000       -6.1210138565538043E-006
  -980.00000000000000       -3.0732474236501905E-005
  -976.00000000000000       -5.4113206918042815E-005
  -972.00000000000000       -7.5226232917393747E-005
  -968.00000000000000       -9.3122862389011745E-005
  -964.00000000000000       -1.0698885181643598E-004
  -960.00000000000000       -1.1618561911938425E-004
  -956.00000000000000       -1.2028436284013824E-004
  -952.00000000000000       -1.1909118261421900E-004
  -948.00000000000000       -1.1266165608825507E-004
  -944.00000000000000       -1.0130378023465536E-004
  -940.00000000000000       -8.5568714898494113E-005
  -936.00000000000000       -6.6229350578898003E-005
  -932.00000000000000       -4.4247333856008118E-005
  -928.00000000000000       -2.0729792423466821E-005
  -924.00000000000000        3.1224243824879372E-006
  -920.00000000000000        2.6072666169649988E-005
  -916.00000000000000        4.6909828905933124E-005
  -912.00000000000000        6.4510107347464269E-005
  -908.00000000000000        7.7895988198782608E-005
  -904.00000000000000        8.6289337457363878E-005
  -900.00000000000000        8.9155620627589505E-005
  -896.00000000000000        8.6236645818692082E-005
  -892.00000000000000        7.7569726591859205E-005
  -888.00000000000000        6.3491804072498192E-005
  -884.00000000000000        4.4627817974285302E-005
  -880.00000000000000        2.1863437942901538E-005
  -876.00000000000000       -3.6968817870549134E-006
  -872.00000000000000       -3.0784725767815321E-005
  -868.00000000000000       -5.8032847677566150E-005
  -864.00000000000000       -8.4047373663116077E-005
  -860.00000000000000       -1.0748333387923788E-004
  -856.00000000000000       -1.2711945470384614E-004
  -852.00000000000000       -1.4192803672781641E-004
  -848.00000000000000       -1.5113586779388360E-004
  -844.00000000000000       -1.5427247976573981E-004
  -840.00000000000000       -1.5120264255236922E-004
  -836.00000000000000       -1.4214077575554215E-004
  -832.00000000000000       -1.2764591069655806E-004
  -828.00000000000000       -1.0859690548971007E-004
  -824.00000000000000       -8.6148745904084025E-005
  -820.00000000000000       -6.1671891218644523E-005
  -816.00000000000000       -3.6677680427820676E-005
  -812.00000000000000       -1.2733734235607758E-005
  -808.00000000000000        8.6259885016948963E-006
  -804.00000000000000        2.5991346715993232E-005
  -800.00000000000000        3.8161065777937665E-005
  -796.00000000000000        4.4217484341492084E-005
  -792.00000000000000        4.3586247449820833E-005
  -788.00000000000000        3.6076940570423750E-005
  -784.00000000000000        2.1901677113262303E-005
  -780.00000000000000        1.6698901553880536E-006
  -776.00000000000000       -2.3641029460013177E-005
  -772.00000000000000       -5.2738141384193750E-005
  -768.00000000000000       -8.4085852219383149E-005
  -764.00000000000000       -1.1599539625902042E-004
  -760.00000000000000       -1.4672584443349066E-004
  -756.00000000000000       -1.7459070697239382E-004
  -752.00000000000000       -1.9806365703208478E-004
  -748.00000000000000       -2.1587675211954291E-004
  -744.00000000000000       -2.2710479260598925E-004
  -740.00000000000000       -2.3123013164329665E-004
  -736.00000000000000       -2.2818331150873015E-004
  -732.00000000000000       -2.1835629489420135E-004
  -728.00000000000000       -2.0258670918395786E-004
  -724.00000000000000       -1.8211333066740906E-004
  -720.00000000000000       -1.5850489274347594E-004
  -716.00000000000000       -1.3356608846192951E-004
  -712.00000000000000       -1.0922623382639539E-004
  -708.00000000000000       -8.7417352293688925E-005
  -704.00000000000000       -6.9949336290056380E-005
  -700.00000000000000       -5.8390264203549380E-005
  -696.00000000000000       -5.3959855474549153E-005
  -692.00000000000000       -5.7443419094142296E-005
  -688.00000000000000       -6.9132514088836782E-005
  -684.00000000000000       -8.8796951589892992E-005
  -680.00000000000000       -1.1569081680891740E-004
  -676.00000000000000       -1.4859299372494301E-004
  -672.00000000000000       -1.8588037486953909E-004
  -668.00000000000000       -2.2562968529153254E-004
  -664.00000000000000       -2.6574179841179892E-004
  -660.00000000000000       -3.0408071914276522E-004
  -656.00000000000000       -3.3861818525920333E-004
  -652.00000000000000       -3.6757419260712693E-004
  -648.00000000000000       -3.8954374831363833E-004
  -644.00000000000000       -4.0360082161749349E-004
  -640.00000000000000       -4.0937177174798004E-004
  -636.00000000000000       -4.0707241816332989E-004
  -632.00000000000000       -3.9750526929876372E-004
  -628.00000000000000       -3.8201609385477811E-004
  -624.00000000000000       -3.6241182779749893E-004
  -620.00000000000000       -3.4084456829099996E-004
  -616.00000000000000       -3.1966891677462827E-004
  -612.00000000000000       -3.0128201155305928E-004
  -608.00000000000000       -2.8795707362692295E-004
  -604.00000000000000       -2.8168205245663919E-004
  -600.00000000000000       -2.8401492212196973E-004
  -596.00000000000000       -2.9596631843248794E-004
  -592.00000000000000       -3.1791855770241446E-004
  -588.00000000000000       -3.4958772994706259E-004
  -584.00000000000000       -3.9003265871380318E-004
  -580.00000000000000       -4.3771125739488017E-004
  -576.00000000000000       -4.9058141157239934E-004
  -572.00000000000000       -5.4624022068692460E-004
  -568.00000000000000       -6.0209248316188695E-004
  -564.00000000000000       -6.5553693344519849E-004
  -560.00000000000000       -7.0415712970135790E-004
  -556.00000000000000       -7.4590319016404750E-004
  -552.00000000000000       -7.7925086568209404E-004
  -548.00000000000000       -8.0332572683693745E-004
  -544.00000000000000       -8.1798247362436236E-004
  -540.00000000000000       -8.2383240977731357E-004
  -536.00000000000000       -8.2221576362683955E-004
  -532.00000000000000       -8.1511953221233648E-004
  -528.00000000000000       -8.0504558922426487E-004
  -524.00000000000000       -7.9483762928341721E-004
  -520.00000000000000       -7.8747882699543447E-004
  -516.00000000000000       -7.8587460448697013E-004
  -512.00000000000000       -7.9263641144062418E-004
  -508.00000000000000       -8.0988278113387215E-004
  -504.00000000000000       -8.3907307075186202E-004
  -500.00000000000000       -8.8088725017738999E-004
  -496.00000000000000       -9.3516198753782983E-004
  -492.00000000000000       -1.0008892944486281E-003
  -488.00000000000000       -1.0762794146773130E-003
  -484.00000000000000       -1.1588847970637967E-003
  -480.00000000000000       -1.2457772485030491E-003
  -476.00000000000000       -1.3337660818580699E-003
  -472.00000000000000       -1.4196415997652556E-003
  -468.00000000000000       -1.5004258808225192E-003
  -464.00000000000000       -1.5736117771103107E-003
  -460.00000000000000       -1.6373714145088447E-003
  -456.00000000000000       -1.6907173257075761E-003
  -452.00000000000000       -1.7336025437461673E-003
  -448.00000000000000       -1.7669503362247201E-003
  -444.00000000000000       -1.7926094652171659E-003
  -440.00000000000000       -1.8132365371882949E-003
  -436.00000000000000       -1.8321127330150515E-003
  -432.00000000000000       -1.8529075348313517E-003
  -428.00000000000000       -1.8794065645626804E-003
  -424.00000000000000       -1.9152239400903692E-003
  -420.00000000000000       -1.9635213426056545E-003
  -416.00000000000000       -2.0267560849187728E-003
  -412.00000000000000       -2.1064788143334602E-003
  -408.00000000000000       -2.2031981504848459E-003
  -404.00000000000000       -2.3163247586013447E-003
  -400.00000000000000       -2.4442014253855580E-003
  -396.00000000000000       -2.5842190724090120E-003
  -392.00000000000000       -2.7330118147846352E-003
  -388.00000000000000       -2.8867176873617144E-003
  -384.00000000000000       -3.0412860438651431E-003
  -380.00000000000000       -3.1928083616519836E-003
  -376.00000000000000       -3.3378466400097585E-003
  -372.00000000000000       -3.4737330217921875E-003
  -368.00000000000000       -3.5988158049497041E-003
  -364.00000000000000       -3.7126305862005987E-003
  -360.00000000000000       -3.8159806723000417E-003
  -356.00000000000000       -3.9109177303005387E-003
  -352.00000000000000       -4.0006214234757156E-003
  -348.00000000000000       -4.0891848982897577E-003
  -344.00000000000000       -4.1813208062980714E-003
  -340.00000000000000       -4.2820094220541076E-003
  -336.00000000000000       -4.3961157672482327E-003
  -332.00000000000000       -4.5280059893932963E-003
  -328.00000000000000       -4.6811942337682223E-003
  -324.00000000000000       -4.8580497321751978E-003
  -320.00000000000000       -5.0595898513159255E-003
  -316.00000000000000       -5.2853786387184656E-003
  -312.00000000000000       -5.5335424056069723E-003
  -308.00000000000000       -5.8009046850243341E-003
  -304.00000000000000       -6.0832332092834477E-003
  -300.00000000000000       -6.3755821375592412E-003
  -296.00000000000000       -6.6727044102586645E-003
  -292.00000000000000       -6.9695025305862839E-003
  -288.00000000000000       -7.2614818743650528E-003
  -284.00000000000000       -7.5451692324932261E-003
  -280.00000000000000       -7.8184609082071910E-003
  -276.00000000000000       -8.0808692963650185E-003
  -272.00000000000000       -8.3336441916715114E-003
  -268.00000000000000       -8.5797546025714426E-003
  -264.00000000000000       -8.8237278837475109E-003
  -260.00000000000000       -9.0713546902399592E-003
  -256.00000000000000       -9.3292796630720948E-003
  -252.00000000000000       -9.6045079318366339E-003
  -248.00000000000000       -9.9038655820426168E-003
  -244.00000000000000       -1.0233457442954928E-002
  -240.00000000000000       -1.0598167370590505E-002
  -236.00000000000000       -1.1001244353892999E-002
  -232.00000000000000       -1.1444012273595381E-002
  -228.00000000000000       -1.1925732306654316E-002
  -224.00000000000000       -1.2443635393860453E-002
  -220.00000000000000       -1.2993128721283439E-002
  -216.00000000000000       -1.3568165842323291E-002
  -212.00000000000000       -1.4161756031452729E-002
  -208.00000000000000       -1.4766575879580556E-002
  -204.00000000000000       -1.5375636107560412E-002
  -200.00000000000000       -1.5982950016889777E-002
  -196.00000000000000       -1.6584147596222277E-002
  -192.00000000000000       -1.7176981427981179E-002
  -188.00000000000000       -1.7761677205798458E-002
  -184.00000000000000       -1.8341092525891358E-002
  -180.00000000000000       -1.8920661943647665E-002
  -176.00000000000000       -1.9508123068428293E-002
  -172.00000000000000       -2.0113036440895602E-002
  -168.00000000000000       -2.0746129684471669E-002
  -164.00000000000000       -2.1418512490554466E-002
  -160.00000000000000       -2.2140822004152575E-002
  -156.00000000000000       -2.2922366928240213E-002
  -152.00000000000000       -2.3770342257388451E-002
  -148.00000000000000       -2.4689184454364362E-002
  -144.00000000000000       -2.5680128999166399E-002
  -140.00000000000000       -2.6741018926791243E-002
  -136.00000000000000       -2.7866395032909903E-002
  -132.00000000000000       -2.9047877071498356E-002
  -128.00000000000000       -3.0274822023265771E-002
  -124.00000000000000       -3.1535222121345241E-002
  -120.00000000000000       -3.2816783611240109E-002
  -116.00000000000000       -3.4108108973593877E-002
  -112.00000000000000       -3.5399892137175135E-002
  -108.00000000000000       -3.6686029319798634E-002
  -104.00000000000000       -3.7964548389500585E-002
  -100.00000000000000       -3.9238267358398429E-002
  -96.000000000000000       -4.0515107573667532E-002
  -92.000000000000000       -4.1808008563195560E-002
  -88.000000000000000       -4.3134418019990801E-002
  -84.000000000000000       -4.4515360325429236E-002
  -80.000000000000000       -4.5974118253170104E-002
  -76.000000000000000       -4.7534592823439789E-002
  -72.000000000000000       -4.9219433437290475E-002
  -68.000000000000000       -5.1048052310822940E-002
  -64.000000000000000       -5.3034652061337111E-002
  -60.000000000000000       -5.5186401735708775E-002
  -56.000000000000000       -5.7501893845239224E-002
  -52.000000000000000       -5.9970002946149271E-002
  -48.000000000000000       -6.2569245508540247E-002
  -44.000000000000000       -6.5267712417175633E-002
  -40.000000000000000       -6.8023611183898686E-002
  -36.000000000000000       -7.0786417021075937E-002
  -32.000000000000000       -7.3498592835141915E-002
  -28.000000000000000       -7.6097800592343945E-002
  -24.000000000000000       -7.8519492978354991E-002
  -20.000000000000000       -8.0699747177225417E-002
  -16.000000000000000       -8.2578183884370576E-002
  -12.000000000000000       -8.4100805743847915E-002
  -8.0000000000000000       -8.5222591006983442E-002
  -4.0000000000000000       -8.5909690376789596E-002
   0.0000000000000000       -8.6141097035681458E-002
   4.0000000000000000       -8.5909690376789569E-002
   8.0000000000000000       -8.5222591006983026E-002
   12.000000000000000       -8.4100805743847401E-002
   16.000000000000000       -8.2578183884369841E-002
   20.000000000000000       -8.0699747177224571E-002
   24.000000000000000       -7.8519492978354019E-002
   28.000000000000000       -7.6097800592342946E-002
   32.000000000000000       -7.3498592835140805E-002
   36.000000000000000       -7.0786417021074785E-002
   40.000000000000000       -6.8023611183897562E-002
   44.000000000000000       -6.5267712417174564E-002
   48.000000000000000       -6.2569245508539192E-002
   52.000000000000000       -5.9970002946148272E-002
   56.000000000000000       -5.7501893845238267E-002
   60.000000000000000       -5.5186401735707900E-002
   64.000000000000000       -5.3034652061336306E-002
   68.000000000000000       -5.1048052310822205E-002
   72.000000000000000       -4.9219433437289781E-002
   76.000000000000000       -4.7534592823439165E-002
   80.000000000000000       -4.5974118253169508E-002
   84.000000000000000       -4.4515360325428667E-002
   88.000000000000000       -4.3134418019990219E-002
   92.000000000000000       -4.1808008563195033E-002
   96.000000000000000       -4.0515107573667032E-002
   100.00000000000000       -3.9238267358397902E-002
   104.00000000000000       -3.7964548389500086E-002
   108.00000000000000       -3.6686029319798079E-002
   112.00000000000000       -3.5399892137174607E-002
   116.00000000000000       -3.4108108973593322E-002
   120.00000000000000       -3.2816783611239554E-002
   124.00000000000000       -3.1535222121344693E-002
   128.00000000000000       -3.0274822023265230E-002
   132.00000000000000       -2.9047877071497849E-002
   136.00000000000000       -2.7866395032909403E-002
   140.00000000000000       -2.6741018926790764E-002
   144.00000000000000       -2.5680128999165976E-002
   148.00000000000000       -2.4689184454363973E-002
   152.00000000000000       -2.3770342257388083E-002
   156.00000000000000       -2.2922366928239880E-002
   160.00000000000000       -2.2140822004152291E-002
   164.00000000000000       -2.1418512490554202E-002
   168.00000000000000       -2.0746129684471440E-002
   172.00000000000000       -2.0113036440895387E-002
   176.00000000000000       -1.9508123068428099E-002
   180.00000000000000       -1.8920661943647454E-002
   184.00000000000000       -1.8341092525891146E-002
   188.00000000000000       -1.7761677205798250E-002
   192.00000000000000       -1.7176981427980974E-002
   196.00000000000000       -1.6584147596222044E-002
   200.00000000000000       -1.5982950016889548E-002
   204.00000000000000       -1.5375636107560179E-002
   208.00000000000000       -1.4766575879580317E-002
   212.00000000000000       -1.4161756031452482E-002
   216.00000000000000       -1.3568165842323041E-002
   220.00000000000000       -1.2993128721283206E-002
   224.00000000000000       -1.2443635393860210E-002
   228.00000000000000       -1.1925732306654101E-002
   232.00000000000000       -1.1444012273595179E-002
   236.00000000000000       -1.1001244353892815E-002
   240.00000000000000       -1.0598167370590342E-002
   244.00000000000000       -1.0233457442954775E-002
   248.00000000000000       -9.9038655820424936E-003
   252.00000000000000       -9.6045079318365194E-003
   256.00000000000000       -9.3292796630719908E-003
   260.00000000000000       -9.0713546902398724E-003
   264.00000000000000       -8.8237278837474207E-003
   268.00000000000000       -8.5797546025713593E-003
   272.00000000000000       -8.3336441916714247E-003
   276.00000000000000       -8.0808692963649283E-003
   280.00000000000000       -7.8184609082070922E-003
   284.00000000000000       -7.5451692324931255E-003
   288.00000000000000       -7.2614818743649522E-003
   292.00000000000000       -6.9695025305861746E-003
   296.00000000000000       -6.6727044102585517E-003
   300.00000000000000       -6.3755821375591250E-003
   304.00000000000000       -6.0832332092833315E-003
   308.00000000000000       -5.8009046850242213E-003
   312.00000000000000       -5.5335424056068665E-003
   316.00000000000000       -5.2853786387183615E-003
   320.00000000000000       -5.0595898513158353E-003
   324.00000000000000       -4.8580497321751145E-003
   328.00000000000000       -4.6811942337681494E-003
   332.00000000000000       -4.5280059893932374E-003
   336.00000000000000       -4.3961157672481790E-003
   340.00000000000000       -4.2820094220540599E-003
   344.00000000000000       -4.1813208062980341E-003
   348.00000000000000       -4.0891848982897213E-003
   352.00000000000000       -4.0006214234756844E-003
   356.00000000000000       -3.9109177303005057E-003
   360.00000000000000       -3.8159806723000052E-003
   364.00000000000000       -3.7126305862005544E-003
   368.00000000000000       -3.5988158049496564E-003
   372.00000000000000       -3.4737330217921311E-003
   376.00000000000000       -3.3378466400097004E-003
   380.00000000000000       -3.1928083616519186E-003
   384.00000000000000       -3.0412860438650763E-003
   388.00000000000000       -2.8867176873616450E-003
   392.00000000000000       -2.7330118147845649E-003
   396.00000000000000       -2.5842190724089426E-003
   400.00000000000000       -2.4442014253854955E-003
   404.00000000000000       -2.3163247586012875E-003
   408.00000000000000       -2.2031981504847952E-003
   412.00000000000000       -2.1064788143334251E-003
   416.00000000000000       -2.0267560849187489E-003
   420.00000000000000       -1.9635213426056394E-003
   424.00000000000000       -1.9152239400903632E-003
   428.00000000000000       -1.8794065645626821E-003
   432.00000000000000       -1.8529075348313639E-003
   436.00000000000000       -1.8321127330150663E-003
   440.00000000000000       -1.8132365371883140E-003
   444.00000000000000       -1.7926094652171841E-003
   448.00000000000000       -1.7669503362247371E-003
   452.00000000000000       -1.7336025437461786E-003
   456.00000000000000       -1.6907173257075827E-003
   460.00000000000000       -1.6373714145088434E-003
   464.00000000000000       -1.5736117771103012E-003
   468.00000000000000       -1.5004258808225006E-003
   472.00000000000000       -1.4196415997652309E-003
   476.00000000000000       -1.3337660818580365E-003
   480.00000000000000       -1.2457772485030100E-003
   484.00000000000000       -1.1588847970637538E-003
   488.00000000000000       -1.0762794146772679E-003
   492.00000000000000       -1.0008892944485827E-003
   496.00000000000000       -9.3516198753778516E-004
   500.00000000000000       -8.8088725017734966E-004
   504.00000000000000       -8.3907307075182559E-004
   508.00000000000000       -8.0988278113384310E-004
   512.00000000000000       -7.9263641144060033E-004
   516.00000000000000       -7.8587460448695343E-004
   520.00000000000000       -7.8747882699542384E-004
   524.00000000000000       -7.9483762928341331E-004
   528.00000000000000       -8.0504558922426660E-004
   532.00000000000000       -8.1511953221234104E-004
   536.00000000000000       -8.2221576362684627E-004
   540.00000000000000       -8.2383240977732225E-004
   544.00000000000000       -8.1798247362437038E-004
   548.00000000000000       -8.0332572683694363E-004
   552.00000000000000       -7.7925086568209816E-004
   556.00000000000000       -7.4590319016404902E-004
   560.00000000000000       -7.0415712970135595E-004
   564.00000000000000       -6.5553693344519372E-004
   568.00000000000000       -6.0209248316187871E-004
   572.00000000000000       -5.4624022068691452E-004
   576.00000000000000       -4.9058141157238828E-004
   580.00000000000000       -4.3771125739486901E-004
   584.00000000000000       -3.9003265871379267E-004
   588.00000000000000       -3.4958772994705392E-004
   592.00000000000000       -3.1791855770240860E-004
   596.00000000000000       -2.9596631843248512E-004
   600.00000000000000       -2.8401492212197060E-004
   604.00000000000000       -2.8168205245664396E-004
   608.00000000000000       -2.8795707362693065E-004
   612.00000000000000       -3.0128201155307002E-004
   616.00000000000000       -3.1966891677464096E-004
   620.00000000000000       -3.4084456829101318E-004
   624.00000000000000       -3.6241182779751097E-004
   628.00000000000000       -3.8201609385478803E-004
   632.00000000000000       -3.9750526929877087E-004
   636.00000000000000       -4.0707241816333119E-004
   640.00000000000000       -4.0937177174797592E-004
   644.00000000000000       -4.0360082161748265E-004
   648.00000000000000       -3.8954374831362028E-004
   652.00000000000000       -3.6757419260710134E-004
   656.00000000000000       -3.3861818525917069E-004
   660.00000000000000       -3.0408071914272603E-004
   664.00000000000000       -2.6574179841175457E-004
   668.00000000000000       -2.2562968529148413E-004
   672.00000000000000       -1.8588037486948856E-004
   676.00000000000000       -1.4859299372489216E-004
   680.00000000000000       -1.1569081680886764E-004
   684.00000000000000       -8.8796951589846426E-005
   688.00000000000000       -6.9132514088795420E-005
   692.00000000000000       -5.7443419094107331E-005
   696.00000000000000       -5.3959855474521615E-005
   700.00000000000000       -5.8390264203530136E-005
   704.00000000000000       -6.9949336290046243E-005
   708.00000000000000       -8.7417352293688003E-005
   712.00000000000000       -1.0922623382640325E-004
   716.00000000000000       -1.3356608846194464E-004
   720.00000000000000       -1.5850489274349804E-004
   724.00000000000000       -1.8211333066743652E-004
   728.00000000000000       -2.0258670918398881E-004
   732.00000000000000       -2.1835629489423466E-004
   736.00000000000000       -2.2818331150876357E-004
   740.00000000000000       -2.3123013164332912E-004
   744.00000000000000       -2.2710479260601847E-004
   748.00000000000000       -2.1587675211956779E-004
   752.00000000000000       -1.9806365703210451E-004
   756.00000000000000       -1.7459070697240731E-004
   760.00000000000000       -1.4672584443349744E-004
   764.00000000000000       -1.1599539625902069E-004
   768.00000000000000       -8.4085852219377348E-005
   772.00000000000000       -5.2738141384182203E-005
   776.00000000000000       -2.3641029459996454E-005
   780.00000000000000        1.6698901554087619E-006
   784.00000000000000        2.1901677113285803E-005
   788.00000000000000        3.6076940570448470E-005
   792.00000000000000        4.3586247449845851E-005
   796.00000000000000        4.4217484341515774E-005
   800.00000000000000        3.8161065777958861E-005
   804.00000000000000        2.5991346716011162E-005
   808.00000000000000        8.6259885017084691E-006
   812.00000000000000       -1.2733734235599007E-005
   816.00000000000000       -3.6677680427817099E-005
   820.00000000000000       -6.1671891218646475E-005
   824.00000000000000       -8.6148745904091194E-005
   828.00000000000000       -1.0859690548972242E-004
   832.00000000000000       -1.2764591069657481E-004
   836.00000000000000       -1.4214077575556289E-004
   840.00000000000000       -1.5120264255239326E-004
   844.00000000000000       -1.5427247976576618E-004
   848.00000000000000       -1.5113586779391176E-004
   852.00000000000000       -1.4192803672784552E-004
   856.00000000000000       -1.2711945470387565E-004
   860.00000000000000       -1.0748333387926705E-004
   864.00000000000000       -8.4047373663144700E-005
   868.00000000000000       -5.8032847677593621E-005
   872.00000000000000       -3.0784725767842020E-005
   876.00000000000000       -3.6968817870805141E-006
   880.00000000000000        2.1863437942876764E-005
   884.00000000000000        4.4627817974261097E-005
   888.00000000000000        6.3491804072474285E-005
   892.00000000000000        7.7569726591835298E-005
   896.00000000000000        8.6236645818667796E-005
   900.00000000000000        8.9155620627564243E-005
   904.00000000000000        8.6289337457337288E-005
   908.00000000000000        7.7895988198754582E-005
   912.00000000000000        6.4510107347434656E-005
   916.00000000000000        4.6909828905901682E-005
   920.00000000000000        2.6072666169616690E-005
   924.00000000000000        3.1224243824530463E-006
   928.00000000000000       -2.0729792423502979E-005
   932.00000000000000       -4.4247333856045469E-005
   936.00000000000000       -6.6229350578935869E-005
   940.00000000000000       -8.5568714898532060E-005
   944.00000000000000       -1.0130378023469301E-004
   948.00000000000000       -1.1266165608829152E-004
   952.00000000000000       -1.1909118261425391E-004
   956.00000000000000       -1.2028436284017104E-004
   960.00000000000000       -1.1618561911941458E-004
   964.00000000000000       -1.0698885181646335E-004
   968.00000000000000       -9.3122862389035950E-005
   972.00000000000000       -7.5226232917414835E-005
   976.00000000000000       -5.4113206918060501E-005
   980.00000000000000       -3.0732474236516420E-005
   984.00000000000000       -6.1210138565654053E-006
   988.00000000000000        1.8644713622027661E-005
   992.00000000000000        4.2497907703039749E-005
   996.00000000000000        6.4428671887011062E-005
   1000.0000000000000        8.3527310425932086E-005
   1004.0000000000000        9.9021895990772122E-005
   1008.0000000000000        1.1030866124826303E-004
   1012.0000000000000        1.1697415069584947E-004
   1016.0000000000000        1.1880848063402124E-004
   1020.0000000000000        1.1580947460032454E-004
   1024.0000000000000        1.0817784960208601E-004
   1028.0000000000000        9.6304007470790444E-005
   1032.0000000000000        8.0747320469825879E-005
   1036.0000000000000        6.2209078739150196E-005
   1040.0000000000000        4.1500480393251111E-005
   1044.0000000000000        1.9507187726411203E-005
   1048.0000000000000       -2.8479568752548553E-006
   1052.0000000000000       -2.4642462644749204E-005
   1056.0000000000000       -4.4990444674281380E-005
   1060.0000000000000       -6.3076202793039933E-005
   1064.0000000000000       -7.8183904906387107E-005
   1068.0000000000000       -8.9722372198369746E-005
   1072.0000000000000       -9.7244209434014259E-005
   1076.0000000000000       -1.0045878570145888E-004
   1080.0000000000000       -9.9238837484264772E-005
   1084.0000000000000       -9.3620725788130511E-005
   1088.0000000000000       -8.3798622084736018E-005
   1092.0000000000000       -7.0113115425782184E-005
   1096.0000000000000       -5.3034918248414433E-005
   1100.0000000000000       -3.3144496002246172E-005
   1104.0000000000000       -1.1108552545503956E-005
   1108.0000000000000        1.2345632065031354E-005
   1112.0000000000000        3.6456991790435597E-005
   1116.0000000000000        6.0457589899027833E-005
   1120.0000000000000        8.3598709238661177E-005
   1124.0000000000000        1.0517525180969435E-004
   1128.0000000000000        1.2454769245031397E-004
   1132.0000000000000        1.4116096197330089E-004
   1136.0000000000000        1.5455977931625071E-004
   1140.0000000000000        1.6440010383687441E-004
   1144.0000000000000        1.7045653169088493E-004
   1148.0000000000000        1.7262560861724935E-004
   1152.0000000000000        1.7092517040329081E-004
   1156.0000000000000        1.6548994755993205E-004
   1160.0000000000000        1.5656377891875992E-004
   1164.0000000000000        1.4448886749522918E-004
   1168.0000000000000        1.2969257949818760E-004
   1172.0000000000000        1.1267233315410041E-004
   1176.0000000000000        9.3979148242328368E-005
   1180.0000000000000        7.4200430846051532E-005
   1184.0000000000000        5.3942552399765537E-005
   1188.0000000000000        3.3813749774292236E-005
   1192.0000000000000        1.4407826399866174E-005
   1196.0000000000000       -3.7109239264331600E-006
   1200.0000000000000       -2.0021215940124970E-005
   1204.0000000000000       -3.4056412671424309E-005
   1208.0000000000000       -4.5414099843404644E-005
   1212.0000000000000       -5.3763464451402163E-005
   1216.0000000000000       -5.8850420548264419E-005
   1220.0000000000000       -6.0500494312244274E-005
   1224.0000000000000       -5.8619543318673759E-005
   1228.0000000000000       -5.3192440170925047E-005
   1232.0000000000000       -4.4279897256042347E-005
   1236.0000000000000       -3.2013646742560365E-005
   1240.0000000000000       -1.6590217761718761E-005
   1244.0000000000000        1.7364289291199901E-006
   1248.0000000000000        2.2663139252828096E-005
   1252.0000000000000        4.5846406790710350E-005
   1256.0000000000000        7.0911553070737916E-005
   1260.0000000000000        9.7461997458056032E-005
   1264.0000000000000        1.2508838623753634E-004
   1268.0000000000000        1.5337737428517385E-004
   1272.0000000000000        1.8191987989119371E-004
   1276.0000000000000        2.1031866269495192E-004
   1280.0000000000000        2.3819510524752117E-004
   1284.0000000000000        2.6519510944340787E-004
   1288.0000000000000        2.9099404907363907E-004
   1292.0000000000000        3.1530074828439107E-004
   1296.0000000000000        3.3786048214413483E-004
   1300.0000000000000        3.5845701932767749E-004
   1304.0000000000000        3.7691374775066606E-004
   1308.0000000000000        3.9309394159515716E-004
   1312.0000000000000        4.0690024243764106E-004
   1316.0000000000000        4.1827343811714248E-004
   1320.0000000000000        4.2719063064976985E-004
   1324.0000000000000        4.3366288907669299E-004
   1328.0000000000000        4.3773248485987624E-004
   1332.0000000000000        4.3946980660087556E-004
   1336.0000000000000        4.3897004777466482E-004
   1340.0000000000000        4.3634975618807076E-004
   1344.0000000000000        4.3174332734456715E-004
   1348.0000000000000        4.2529951617625595E-004
   1352.0000000000000        4.1717803302940981E-004
   1356.0000000000000        4.0754628068207356E-004
   1360.0000000000000        3.9657627982411933E-004
   1364.0000000000000        3.8444182110366446E-004
   1368.0000000000000        3.7131587276649855E-004
   1372.0000000000000        3.5736826427809989E-004
   1376.0000000000000        3.4276365827579986E-004
   1380.0000000000000        3.2765981586999895E-004
   1384.0000000000000        3.1220615378267088E-004
   1388.0000000000000        2.9654258613113203E-004
   1392.0000000000000        2.8079863885896477E-004
   1396.0000000000000        2.6509282088226128E-004
   1400.0000000000000        2.4953223293459301E-004
   1404.0000000000000        2.3421239281653757E-004
   1408.0000000000000        2.1921725422929832E-004
   1412.0000000000000        2.0461939553004043E-004
   1416.0000000000000        1.9048035451474051E-004
   1420.0000000000000        1.7685108563377197E-004
   1424.0000000000000        1.6377251679554092E-004
   1428.0000000000000        1.5127618403446556E-004
   1432.0000000000000        1.3938492373395277E-004
   1436.0000000000000        1.2811360372974522E-004
   1440.0000000000000        1.1746987640635913E-004
   1444.0000000000000        1.0745493877798953E-004
   1448.0000000000000        9.8064286460801967E-005
   1452.0000000000000        8.9288450348840647E-005
   1456.0000000000000        8.1113706661068956E-005
   1460.0000000000000        7.3522752799668812E-005
   1464.0000000000000        6.6495343123941890E-005
   1468.0000000000000        6.0008880280717255E-005
   1472.0000000000000        5.4038959127666673E-005
   1476.0000000000000        4.8559861532297028E-005
   1480.0000000000000        4.3545001423228096E-005
   1484.0000000000000        3.8967320412206914E-005
   1488.0000000000000        3.4799635099104197E-005
   1492.0000000000000        3.1014937824480615E-005
   1496.0000000000000        2.7586653153888579E-005
   1500.0000000000000        2.4488852775201044E-005
   1504.0000000000000        2.1696431776194704E-005
   1508.0000000000000        1.9185249456322180E-005
   1512.0000000000000        1.6932237926195106E-005
   1516.0000000000000        1.4915481772860386E-005
   1520.0000000000000        1.3114272030123266E-005
   1524.0000000000000        1.1509137602107673E-005
   1528.0000000000000        1.0081857155290745E-005
   1532.0000000000000        8.8154543289647587E-006
   1536.0000000000000        7.6941789250417795E-006
   1540.0000000000000        6.7034765330045805E-006
   1544.0000000000000        5.8299488312766313E-006
   1548.0000000000000        5.0613065880848989E-006
   1552.0000000000000        4.3863171678251803E-006
   1556.0000000000000        3.7947481369788071E-006
   1560.0000000000000        3.2773083599267086E-006
   1564.0000000000000        2.8255877819969372E-006
   1568.0000000000000        2.4319969165540773E-006
   1572.0000000000000        2.0897068861016349E-006
   1576.0000000000000        1.7925907149420726E-006
   1580.0000000000000        1.5351664332169328E-006
   1584.0000000000000        1.3125424290778326E-006
   1588.0000000000000        1.1203653769758172E-006
   1592.0000000000000        9.5477097503730736E-007
   1596.0000000000000        8.1233764248002215E-007
   1600.0000000000000        6.9004325815293070E-007
   1604.0000000000000        5.8522496261593615E-007
   1608.0000000000000        4.9554199771895801E-007
   1612.0000000000000        4.1894151839006997E-007
   1616.0000000000000        3.5362728030010012E-007
   1620.0000000000000        2.9803108326694433E-007
   1624.0000000000000        2.5078683276775964E-007
   1628.0000000000000        2.1070706986823259E-007
   1632.0000000000000        1.7676181244333716E-007
   1636.0000000000000        1.4805954700740981E-007
   1640.0000000000000        1.2383021011818856E-007
   1644.0000000000000        1.0341000056240239E-007
   1648.0000000000000        8.6227867832490917E-008
   1652.0000000000000        7.1793528293010464E-008
   1656.0000000000000        5.9686867502139055E-008
   1660.0000000000000        4.9548595047833171E-008
   1664.0000000000000        4.1072026682708860E-008
   1668.0000000000000        3.3995877249026051E-008
   1672.0000000000000        2.8097956671732782E-008
   1676.0000000000000        2.3189669999177192E-008
   1680.0000000000000        1.9111230958359558E-008
   1684.0000000000000        1.5727506665034311E-008
   1688.0000000000000        1.2924418915151208E-008
   1692.0000000000000        1.0605834831664349E-008
   1696.0000000000000        8.6908865167464519E-009
   1700.0000000000000        7.1116657463595115E-009
   1704.0000000000000        5.8112456368667199E-009
   1708.0000000000000        4.7419866167818016E-009
   1712.0000000000000        3.8640889634748964E-009
   1716.0000000000000        3.1443586332160555E-009
   1720.0000000000000        2.5551571461361910E-009
   1724.0000000000000        2.0735099112494406E-009
   1728.0000000000000        1.6803506181554182E-009
   1732.0000000000000        1.3598822098487723E-009
   1736.0000000000000        1.0990375137982087E-009
   1740.0000000000000        8.8702487427792613E-010
   1744.0000000000000        7.1494612513856764E-010
   1748.0000000000000        5.7547599489103540E-010
   1752.0000000000000        4.6259356981666770E-010
   1756.0000000000000        3.7135777890334212E-010
   1760.0000000000000        2.9772002816334245E-010
   1764.0000000000000        2.3836812104226125E-010
   1768.0000000000000        1.9059647421432566E-010
   1772.0000000000000        1.5219839046261675E-010
   1776.0000000000000        1.2137679736273688E-010
   1780.0000000000000        9.6670415420585102E-011
   1784.0000000000000        7.6892794043215795E-011
   1788.0000000000000        6.1082058819727117E-011
   1792.0000000000000        4.8459558422219555E-011
   1796.0000000000000        3.8395892266325867E-011
   1800.0000000000000        3.0383048154760359E-011
   1804.0000000000000        2.4011588819032627E-011
   1808.0000000000000        1.8952003114459259E-011
   1812.0000000000000        1.4939486427825629E-011
   1816.0000000000000        1.1761539796958107E-011
   1820.0000000000000        9.2478819193579285E-012
   1824.0000000000000        7.2622557437641868E-012
   1828.0000000000000        5.6957843554909976E-012
   1832.0000000000000        4.4615916612228767E-012
   1836.0000000000000        3.4904538953665387E-012
   1840.0000000000000        2.7272898622813183E-012
   1844.0000000000000        2.1283325008753598E-012
   1848.0000000000000        1.6588529989269533E-012
   1852.0000000000000        1.2913322979627729E-012
   1856.0000000000000        1.0039942612708988E-012
   1860.0000000000000        7.7963073832352585E-013
   1864.0000000000000        6.0466184435192669E-013
   1868.0000000000000        4.6838548241747830E-013
   1872.0000000000000        3.6237888296524864E-013
   1876.0000000000000        2.8002206884540485E-013
   1880.0000000000000        2.1611895988133700E-013
   1884.0000000000000        1.6659654880614565E-013
   1888.0000000000000        1.2826640713880134E-013
   1892.0000000000000        9.8635878263910368E-014
   1896.0000000000000        7.5758819855608082E-014
   1900.0000000000000        5.8117779222557741E-014
   1904.0000000000000        4.4531113719919059E-014
   1908.0000000000000        3.4079878250942979E-014
   1912.0000000000000        2.6050353695119282E-014
   1916.0000000000000        1.9888933313369855E-014
   1920.0000000000000        1.5166759068547857E-014
   1924.0000000000000        1.1552039094468966E-014
   1928.0000000000000        8.7884078029010635E-015
   1932.0000000000000        6.6780328375540489E-015
   1936.0000000000000        5.0684456469405905E-015
   1940.0000000000000        3.8422888767482986E-015
   1944.0000000000000        2.9093453709855621E-015
   1948.0000000000000        2.2003493999324617E-015
   1952.0000000000000        1.6621880895854858E-015
   1956.0000000000000        1.2541857509068370E-015
   1960.0000000000000        9.4523056811464696E-016
   1964.0000000000000        7.1155563273067157E-016
   1968.0000000000000        5.3502757692213836E-016
   1972.0000000000000        4.0182843167041918E-016
   1976.0000000000000        3.0144169217035609E-016
   1980.0000000000000        2.2587340562589865E-016
   1984.0000000000000        1.6905458604024259E-016
   1988.0000000000000        1.2638334029814222E-016
   1992.0000000000000        9.4374496776313806E-017
   1996.0000000000000        7.0391842735075629E-017
   2000.0000000000000        5.2443756902277808E-017
