  -2000.0000000000000        1.2137564746037425E-003
  -1996.0000000000000        1.3595034578633702E-003
  -1992.0000000000000        1.5192655421615753E-003
  -1988.0000000000000        1.6938848357052041E-003
  -1984.0000000000000        1.8841829008100974E-003
  -1980.0000000000000        2.0909486162656349E-003
  -1976.0000000000000        2.3149249432605841E-003
  -1972.0000000000000        2.5567946952800504E-003
  -1968.0000000000000        2.8171654506821339E-003
  -1964.0000000000000        3.0965537875244451E-003
  -1960.0000000000000        3.3953690628614839E-003
  -1956.0000000000000        3.7138970022152027E-003
  -1952.0000000000000        4.0522834080662399E-003
  -1948.0000000000000        4.4105183376751643E-003
  -1944.0000000000000        4.7884211387871911E-003
  -1940.0000000000000        5.1856267651134739E-003
  -1936.0000000000000        5.6015738201149901E-003
  -1932.0000000000000        6.0354947956510040E-003
  -1928.0000000000000        6.4864089795876176E-003
  -1924.0000000000000        6.9531185016340688E-003
  -1920.0000000000000        7.4342079677367501E-003
  -1916.0000000000000        7.9280480987885902E-003
  -1912.0000000000000        8.4328037379509009E-003
  -1908.0000000000000        8.9464465217185696E-003
  -1904.0000000000000        9.4667724226092341E-003
  -1900.0000000000000        9.9914242662876591E-003
  -1896.0000000000000        1.0517919203932694E-002
  -1892.0000000000000        1.1043680983390730E-002
  -1888.0000000000000        1.1566076712573913E-002
  -1884.0000000000000        1.2082457648956522E-002
  -1880.0000000000000        1.2590203383999587E-002
  -1876.0000000000000        1.3086768625814526E-002
  -1872.0000000000000        1.3569731623007968E-002
  -1868.0000000000000        1.4036843123662443E-002
  -1864.0000000000000        1.4486074632513078E-002
  -1860.0000000000000        1.4915664623515389E-002
  -1856.0000000000000        1.5324161291100700E-002
  -1852.0000000000000        1.5710460388139887E-002
  -1848.0000000000000        1.6073836708026673E-002
  -1844.0000000000000        1.6413967827456556E-002
  -1840.0000000000000        1.6730948839247892E-002
  -1836.0000000000000        1.7025296973096640E-002
  -1832.0000000000000        1.7297945226753951E-002
  -1828.0000000000000        1.7550224408760612E-002
  -1824.0000000000000        1.7783833322171330E-002
  -1820.0000000000000        1.8000797189658399E-002
  -1816.0000000000000        1.8203414824397034E-002
  -1812.0000000000000        1.8394195476072468E-002
  -1808.0000000000000        1.8575786712762603E-002
  -1804.0000000000000        1.8750895120878713E-002
  -1800.0000000000000        1.8922201998876131E-002
  -1796.0000000000000        1.9092276567245797E-002
  -1792.0000000000000        1.9263489498421972E-002
  -1788.0000000000000        1.9437929767462551E-002
  -1784.0000000000000        1.9617327921085028E-002
  -1780.0000000000000        1.9802988844899790E-002
  -1776.0000000000000        1.9995736966044987E-002
  -1772.0000000000000        2.0195876555009193E-002
  -1768.0000000000000        2.0403169385528396E-002
  -1764.0000000000000        2.0616831480392363E-002
  -1760.0000000000000        2.0835550025368136E-002
  -1756.0000000000000        2.1057520791375076E-002
  -1752.0000000000000        2.1280505590946412E-002
  -1748.0000000000000        2.1501908439169652E-002
  -1744.0000000000000        2.1718868226912678E-002
  -1740.0000000000000        2.1928364884195205E-002
  -1736.0000000000000        2.2127335255225068E-002
  -1732.0000000000000        2.2312794265341791E-002
  -1728.0000000000000        2.2481956473657940E-002
  -1724.0000000000000        2.2632352809371332E-002
  -1720.0000000000000        2.2761937214066191E-002
  -1716.0000000000000        2.2869178078073146E-002
  -1712.0000000000000        2.2953129776978928E-002
  -1708.0000000000000        2.3013480283655491E-002
  -1704.0000000000000        2.3050571737679833E-002
  -1700.0000000000000        2.3065391970195918E-002
  -1696.0000000000000        2.3059536267318922E-002
  -1692.0000000000000        2.3035140055884060E-002
  -1688.0000000000000        2.2994784648001945E-002
  -1684.0000000000000        2.2941379613728122E-002
  -1680.0000000000000        2.2878026687664910E-002
  -1676.0000000000000        2.2807871278102000E-002
  -1672.0000000000000        2.2733948562318019E-002
  -1668.0000000000000        2.2659031752776112E-002
  -1664.0000000000000        2.2585490352382279E-002
  -1660.0000000000000        2.2515166045469777E-002
  -1656.0000000000000        2.2449273277559748E-002
  -1652.0000000000000        2.2388330566850214E-002
  -1648.0000000000000        2.2332127193774847E-002
  -1644.0000000000000        2.2279728186368204E-002
  -1640.0000000000000        2.2229518536461285E-002
  -1636.0000000000000        2.2179285443254076E-002
  -1632.0000000000000        2.2126335201113925E-002
  -1628.0000000000000        2.2067639252554651E-002
  -1624.0000000000000        2.2000002043832931E-002
  -1620.0000000000000        2.1920241773989966E-002
  -1616.0000000000000        2.1825374030805148E-002
  -1612.0000000000000        2.1712787751212895E-002
  -1608.0000000000000        2.1580402994036931E-002
  -1604.0000000000000        2.1426800700492136E-002
  -1600.0000000000000        2.1251315935894195E-002
  -1596.0000000000000        2.1054088007004691E-002
  -1592.0000000000000        2.0836063245909139E-002
  -1588.0000000000000        2.0598949018409907E-002
  -1584.0000000000000        2.0345120495976716E-002
  -1580.0000000000000        2.0077484745210157E-002
  -1576.0000000000000        1.9799309544228694E-002
  -1572.0000000000000        1.9514026837020759E-002
  -1568.0000000000000        1.9225022702293742E-002
  -1564.0000000000000        1.8935426985563372E-002
  -1560.0000000000000        1.8647916202770648E-002
  -1556.0000000000000        1.8364542899469333E-002
  -1552.0000000000000        1.8086603327009152E-002
  -1548.0000000000000        1.7814553122555650E-002
  -1544.0000000000000        1.7547977761405424E-002
  -1540.0000000000000        1.7285621053903539E-002
  -1536.0000000000000        1.7025471101131194E-002
  -1532.0000000000000        1.6764899156443969E-002
  -1528.0000000000000        1.6500843038329823E-002
  -1524.0000000000000        1.6230023381024677E-002
  -1520.0000000000000        1.5949178352649654E-002
  -1516.0000000000000        1.5655300738630452E-002
  -1512.0000000000000        1.5345860647035426E-002
  -1508.0000000000000        1.5018997636745350E-002
  -1504.0000000000000        1.4673667810587579E-002
  -1500.0000000000000        1.4309734276813637E-002
  -1496.0000000000000        1.3927993198847251E-002
  -1492.0000000000000        1.3530132180322512E-002
  -1488.0000000000000        1.3118622659442332E-002
  -1484.0000000000000        1.2696552957534026E-002
  -1480.0000000000000        1.2267413264831566E-002
  -1476.0000000000000        1.1834847783334320E-002
  -1472.0000000000000        1.1402392150559779E-002
  -1468.0000000000000        1.0973215872900375E-002
  -1464.0000000000000        1.0549889626665946E-002
  -1460.0000000000000        1.0134195870879718E-002
  -1456.0000000000000        9.7269983102254536E-003
  -1452.0000000000000        9.3281815225179365E-003
  -1448.0000000000000        8.9366668096981846E-003
  -1444.0000000000000        8.5505044276683786E-003
  -1440.0000000000000        8.1670362507612997E-003
  -1436.0000000000000        7.7831171193623143E-003
  -1432.0000000000000        7.3953780891709208E-003
  -1428.0000000000000        7.0005109891939504E-003
  -1424.0000000000000        6.5955514615357201E-003
  -1420.0000000000000        6.1781372413235560E-003
  -1416.0000000000000        5.7467199388178377E-003
  -1412.0000000000000        5.3007119491071623E-003
  -1408.0000000000000        4.8405551187141876E-003
  -1404.0000000000000        4.3677040750158434E-003
  -1400.0000000000000        3.8845241817821339E-003
  -1396.0000000000000        3.3941113436737683E-003
  -1392.0000000000000        2.9000477252061666E-003
  -1388.0000000000000        2.4061132686376305E-003
  -1384.0000000000000        1.9159771497392908E-003
  -1380.0000000000000        1.4328955766258081E-003
  -1376.0000000000000        9.5944235061632462E-004
  -1372.0000000000000        4.9729629550409780E-004
  -1368.0000000000000        4.7105153674300943E-005
  -1364.0000000000000       -3.9156082285519094E-004
  -1360.0000000000000       -8.2016007804797738E-004
  -1356.0000000000000       -1.2410386604792263E-003
  -1352.0000000000000       -1.6572081100935461E-003
  -1348.0000000000000       -2.0720611573098575E-003
  -1344.0000000000000       -2.4890501017169313E-003
  -1340.0000000000000       -2.9113566436615012E-003
  -1336.0000000000000       -3.3415832964559318E-003
  -1332.0000000000000       -3.7814951080646477E-003
  -1328.0000000000000       -4.2318363181092968E-003
  -1324.0000000000000       -4.6922400740068643E-003
  -1320.0000000000000       -5.1612409711887216E-003
  -1316.0000000000000       -5.6363907033139720E-003
  -1312.0000000000000       -6.1144673772979300E-003
  -1308.0000000000000       -6.5917599859151204E-003
  -1304.0000000000000       -7.0644020248193540E-003
  -1300.0000000000000       -7.5287230568978373E-003
  -1296.0000000000000       -7.9815847304046152E-003
  -1292.0000000000000       -8.4206686507030341E-003
  -1288.0000000000000       -8.8446875886700870E-003
  -1284.0000000000000       -9.2534984684747787E-003
  -1280.0000000000000       -9.6481048064656905E-003
  -1276.0000000000000       -1.0030546920422854E-002
  -1272.0000000000000       -1.0403689276073038E-002
  -1268.0000000000000       -1.0770924695855425E-002
  -1264.0000000000000       -1.1135823769680328E-002
  -1260.0000000000000       -1.1501763768683471E-002
  -1256.0000000000000       -1.1871574001560810E-002
  -1252.0000000000000       -1.2247233517131572E-002
  -1248.0000000000000       -1.2629652358608317E-002
  -1244.0000000000000       -1.3018559602102962E-002
  -1240.0000000000000       -1.3412510899343175E-002
  -1236.0000000000000       -1.3809016210872308E-002
  -1232.0000000000000       -1.4204776066384253E-002
  -1228.0000000000000       -1.4596003295808306E-002
  -1224.0000000000000       -1.4978797947064925E-002
  -1220.0000000000000       -1.5349537060060653E-002
  -1216.0000000000000       -1.5705238811399975E-002
  -1212.0000000000000       -1.6043862599462919E-002
  -1208.0000000000000       -1.6364512786759090E-002
  -1204.0000000000000       -1.6667523499416876E-002
  -1200.0000000000000       -1.6954414153516662E-002
  -1196.0000000000000       -1.7227718983379381E-002
  -1192.0000000000000       -1.7490707359499615E-002
  -1188.0000000000000       -1.7747023647277489E-002
  -1184.0000000000000       -1.8000284445063575E-002
  -1180.0000000000000       -1.8253676202007796E-002
  -1176.0000000000000       -1.8509596804166029E-002
  -1172.0000000000000       -1.8769380566334280E-002
  -1168.0000000000000       -1.9033137528191531E-002
  -1164.0000000000000       -1.9299725869933115E-002
  -1160.0000000000000       -1.9566861891139906E-002
  -1156.0000000000000       -1.9831356878943978E-002
  -1152.0000000000000       -2.0089455990852132E-002
  -1148.0000000000000       -2.0337242595841055E-002
  -1144.0000000000000       -2.0571063713623168E-002
  -1140.0000000000000       -2.0787929222576069E-002
  -1136.0000000000000       -2.0985839805924184E-002
  -1132.0000000000000       -2.1164006021835970E-002
  -1128.0000000000000       -2.1322932680117569E-002
  -1124.0000000000000       -2.1464357633709994E-002
  -1120.0000000000000       -2.1591050507844309E-002
  -1116.0000000000000       -2.1706492945087055E-002
  -1112.0000000000000       -2.1814475790606490E-002
  -1108.0000000000000       -2.1918658640977820E-002
  -1104.0000000000000       -2.2022142101528541E-002
  -1100.0000000000000       -2.2127102272757014E-002
  -1096.0000000000000       -2.2234530400782236E-002
  -1092.0000000000000       -2.2344108937629198E-002
  -1088.0000000000000       -2.2454239734432811E-002
  -1084.0000000000000       -2.2562222482881270E-002
  -1080.0000000000000       -2.2664563860087902E-002
  -1076.0000000000000       -2.2757382202788033E-002
  -1072.0000000000000       -2.2836860825899218E-002
  -1068.0000000000000       -2.2899696770360394E-002
  -1064.0000000000000       -2.2943491667697651E-002
  -1060.0000000000000       -2.2967037668514621E-002
  -1056.0000000000000       -2.2970463363792964E-002
  -1052.0000000000000       -2.2955220994599665E-002
  -1048.0000000000000       -2.2923915103887048E-002
  -1044.0000000000000       -2.2879991899341048E-002
  -1040.0000000000000       -2.2827325657481398E-002
  -1036.0000000000000       -2.2769751398006386E-002
  -1032.0000000000000       -2.2710600150390690E-002
  -1028.0000000000000       -2.2652293455862480E-002
  -1024.0000000000000       -2.2596047142357804E-002
  -1020.0000000000000       -2.2541721572048919E-002
  -1016.0000000000000       -2.2487837967069026E-002
  -1012.0000000000000       -2.2431760162656265E-002
  -1008.0000000000000       -2.2370020682445226E-002
  -1004.0000000000000       -2.2298751914603194E-002
  -1000.0000000000000       -2.2214169683570376E-002
  -996.00000000000000       -2.2113049418770046E-002
  -992.00000000000000       -2.1993135409680880E-002
  -988.00000000000000       -2.1853431388334951E-002
  -984.00000000000000       -2.1694335039282218E-002
  -980.00000000000000       -2.1517598296837127E-002
  -976.00000000000000       -2.1326117091662548E-002
  -972.00000000000000       -2.1123575829324025E-002
  -968.00000000000000       -2.0913990571903445E-002
  -964.00000000000000       -2.0701208223978144E-002
  -960.00000000000000       -2.0488425211812402E-002
  -956.00000000000000       -2.0277787288759369E-002
  -952.00000000000000       -2.0070122317502076E-002
  -948.00000000000000       -1.9864841310695075E-002
  -944.00000000000000       -1.9660021691730773E-002
  -940.00000000000000       -1.9452663352751004E-002
  -936.00000000000000       -1.9239085637739281E-002
  -932.00000000000000       -1.9015414794245858E-002
  -928.00000000000000       -1.8778099193737748E-002
  -924.00000000000000       -1.8524385406779694E-002
  -920.00000000000000       -1.8252692701222123E-002
  -916.00000000000000       -1.7962836245066435E-002
  -912.00000000000000       -1.7656068686068407E-002
  -908.00000000000000       -1.7334933387003062E-002
  -904.00000000000000       -1.7002947361203623E-002
  -900.00000000000000       -1.6664154616902026E-002
  -896.00000000000000       -1.6322608146979133E-002
  -892.00000000000000       -1.5981848793628701E-002
  -888.00000000000000       -1.5644450242244631E-002
  -884.00000000000000       -1.5311691198209328E-002
  -880.00000000000000       -1.4983399347976364E-002
  -876.00000000000000       -1.4657989097986466E-002
  -872.00000000000000       -1.4332689277635206E-002
  -868.00000000000000       -1.4003931418263385E-002
  -864.00000000000000       -1.3667847332263672E-002
  -860.00000000000000       -1.3320809521618536E-002
  -856.00000000000000       -1.2959941587821645E-002
  -852.00000000000000       -1.2583529270744763E-002
  -848.00000000000000       -1.2191275666561046E-002
  -844.00000000000000       -1.1784364921645302E-002
  -840.00000000000000       -1.1365324534180765E-002
  -836.00000000000000       -1.0937703845100450E-002
  -832.00000000000000       -1.0505611620366048E-002
  -828.00000000000000       -1.0073175312085975E-002
  -824.00000000000000       -9.6439958578790810E-003
  -820.00000000000000       -9.2206730798443277E-003
  -816.00000000000000       -8.8044675898957918E-003
  -812.00000000000000       -8.3951467418352001E-003
  -808.00000000000000       -7.9910370320969738E-003
  -804.00000000000000       -7.5892768559955815E-003
  -800.00000000000000       -7.1862356043351904E-003
  -796.00000000000000       -6.7780416393710191E-003
  -792.00000000000000       -6.3611460485328303E-003
  -788.00000000000000       -5.9328435186353822E-003
  -784.00000000000000       -5.4916770961857524E-003
  -780.00000000000000       -5.0376693618615709E-003
  -776.00000000000000       -4.5723465447545927E-003
  -772.00000000000000       -4.0985510400575915E-003
  -768.00000000000000       -3.6200676368015844E-003
  -764.00000000000000       -3.1411152944643547E-003
  -760.00000000000000       -2.6657757295700411E-003
  -756.00000000000000       -2.1974395495659525E-003
  -752.00000000000000       -1.7383487461843361E-003
  -748.00000000000000       -1.2893011876298874E-003
  -744.00000000000000       -8.4956009113850328E-004
  -740.00000000000000       -4.1698245705913608E-004
  -736.00000000000000        1.1650807276784983E-005
  -732.00000000000000        4.4014938794958351E-004
  -728.00000000000000        8.7234163635901366E-004
  -724.00000000000000        1.3114980590925680E-003
  -720.00000000000000        1.7598332783191502E-003
  -716.00000000000000        2.2181587368882948E-003
  -712.00000000000000        2.6857371001761054E-003
  -708.00000000000000        3.1603604275990990E-003
  -704.00000000000000        3.6386418695449870E-003
  -700.00000000000000        4.1164795563718238E-003
  -696.00000000000000        4.5896260250338156E-003
  -692.00000000000000        5.0542807247974430E-003
  -688.00000000000000        5.5076192559371465E-003
  -684.00000000000000        5.9481817056235720E-003
  -680.00000000000000        6.3760625950550470E-003
  -676.00000000000000        6.7928736903276575E-003
  -672.00000000000000        7.2014841117211317E-003
  -668.00000000000000        7.6055749581417486E-003
  -664.00000000000000        8.0090732089838496E-003
  -660.00000000000000        8.4155478606444990E-003
  -656.00000000000000        8.8276573254562098E-003
  -652.00000000000000        9.2467300603029049E-003
  -648.00000000000000        9.6725411317414543E-003
  -644.00000000000000        1.0103318717186649E-002
  -640.00000000000000        1.0535980574191101E-002
  -636.00000000000000        1.0966566294533017E-002
  -632.00000000000000        1.1390801796336066E-002
  -628.00000000000000        1.1804712421236808E-002
  -624.00000000000000        1.2205193275936424E-002
  -620.00000000000000        1.2590451348467440E-002
  -616.00000000000000        1.2960252668823224E-002
  -612.00000000000000        1.3315936663774518E-002
  -608.00000000000000        1.3660194618352916E-002
  -604.00000000000000        1.3996644617127619E-002
  -600.00000000000000        1.4329266158624647E-002
  -596.00000000000000        1.4661779128480008E-002
  -592.00000000000000        1.4997060660366913E-002
  -588.00000000000000        1.5336688171582114E-002
  -584.00000000000000        1.5680678217098606E-002
  -580.00000000000000        1.6027461486035403E-002
  -576.00000000000000        1.6374098638285803E-002
  -572.00000000000000        1.6716705114808054E-002
  -568.00000000000000        1.7051021111139750E-002
  -564.00000000000000        1.7373040482354524E-002
  -560.00000000000000        1.7679602940033685E-002
  -556.00000000000000        1.7968859040086885E-002
  -552.00000000000000        1.8240536464159907E-002
  -548.00000000000000        1.8495966157086957E-002
  -544.00000000000000        1.8737863469730741E-002
  -540.00000000000000        1.8969897002502609E-002
  -536.00000000000000        1.9196110588728835E-002
  -532.00000000000000        1.9420286729793467E-002
  -528.00000000000000        1.9645349206251717E-002
  -524.00000000000000        1.9872896998426065E-002
  -520.00000000000000        2.0102941817618146E-002
  -516.00000000000000        2.0333890442890107E-002
  -512.00000000000000        2.0562775413229591E-002
  -508.00000000000000        2.0785699224559077E-002
  -504.00000000000000        2.0998423970314185E-002
  -500.00000000000000        2.1197015527575906E-002
  -496.00000000000000        2.1378442539779174E-002
  -492.00000000000000        2.1541037045843085E-002
  -488.00000000000000        2.1684744724459134E-002
  -484.00000000000000        2.1811125162806332E-002
  -480.00000000000000        2.1923101334347966E-002
  -476.00000000000000        2.2024496569626208E-002
  -472.00000000000000        2.2119430623254509E-002
  -468.00000000000000        2.2211668737088193E-002
  -464.00000000000000        2.2304025320403452E-002
  -460.00000000000000        2.2397915718624508E-002
  -456.00000000000000        2.2493126708225609E-002
  -452.00000000000000        2.2587842334931416E-002
  -448.00000000000000        2.2678921783543769E-002
  -444.00000000000000        2.2762386372285375E-002
  -440.00000000000000        2.2834039732004669E-002
  -436.00000000000000        2.2890123996742194E-002
  -432.00000000000000        2.2927908806301404E-002
  -428.00000000000000        2.2946120135259426E-002
  -424.00000000000000        2.2945140890590934E-002
  -420.00000000000000        2.2926951002024045E-002
  -416.00000000000000        2.2894815766125155E-002
  -412.00000000000000        2.2852771032726413E-002
  -408.00000000000000        2.2804986129919734E-002
  -404.00000000000000        2.2755105055782078E-002
  -400.00000000000000        2.2705670246350562E-002
  -396.00000000000000        2.2657720482927295E-002
  -392.00000000000000        2.2610627171639131E-002
  -388.00000000000000        2.2562195587065542E-002
  -384.00000000000000        2.2509015655659052E-002
  -380.00000000000000        2.2447007127842779E-002
  -376.00000000000000        2.2372072885020765E-002
  -372.00000000000000        2.2280756642925916E-002
  -368.00000000000000        2.2170800293476702E-002
  -364.00000000000000        2.2041511808367515E-002
  -360.00000000000000        2.1893884578373612E-002
  -356.00000000000000        2.1730448560411120E-002
  -352.00000000000000        2.1554876378228855E-002
  -348.00000000000000        2.1371406746796915E-002
  -344.00000000000000        2.1184176975623383E-002
  -340.00000000000000        2.0996571109503957E-002
  -336.00000000000000        2.0810688058453916E-002
  -332.00000000000000        2.0627015139529473E-002
  -328.00000000000000        2.0444359772863994E-002
  -324.00000000000000        2.0260050832755942E-002
  -320.00000000000000        2.0070377938536148E-002
  -316.00000000000000        1.9871198710034808E-002
  -312.00000000000000        1.9658616871269356E-002
  -308.00000000000000        1.9429622463052975E-002
  -304.00000000000000        1.9182591241594951E-002
  -300.00000000000000        1.8917562718466594E-002
  -296.00000000000000        1.8636251691424143E-002
  -292.00000000000000        1.8341790871052945E-002
  -288.00000000000000        1.8038245465098132E-002
  -284.00000000000000        1.7729977376482072E-002
  -280.00000000000000        1.7420961056532448E-002
  -276.00000000000000        1.7114161067111801E-002
  -272.00000000000000        1.6811071707128658E-002
  -268.00000000000000        1.6511493165673970E-002
  -264.00000000000000        1.6213580708159449E-002
  -260.00000000000000        1.5914159473725150E-002
  -256.00000000000000        1.5609254632543647E-002
  -252.00000000000000        1.5294751832250387E-002
  -248.00000000000000        1.4967081689417565E-002
  -244.00000000000000        1.4623818000838878E-002
  -240.00000000000000        1.4264093054539665E-002
  -236.00000000000000        1.3888762735627763E-002
  -232.00000000000000        1.3500294346267084E-002
  -228.00000000000000        1.3102394721023848E-002
  -224.00000000000000        1.2699438119892565E-002
  -220.00000000000000        1.2295785757298099E-002
  -216.00000000000000        1.1895106440265658E-002
  -212.00000000000000        1.1499807782725477E-002
  -208.00000000000000        1.1110669816049783E-002
  -204.00000000000000        1.0726740354920083E-002
  -200.00000000000000        1.0345509420395842E-002
  -196.00000000000000        9.9633351364617467E-003
  -192.00000000000000        9.5760530281693047E-003
  -188.00000000000000        9.1796710767023740E-003
  -184.00000000000000        8.7710389885097047E-003
  -180.00000000000000        8.3483841466014466E-003
  -176.00000000000000        7.9116279845313740E-003
  -172.00000000000000        7.4624316357076595E-003
  -168.00000000000000        7.0039630219299407E-003
  -164.00000000000000        6.5404221077792011E-003
  -160.00000000000000        6.0763997267009691E-003
  -156.00000000000000        5.6161720042712795E-003
  -152.00000000000000        5.1630427347874874E-003
  -148.00000000000000        4.7188384965574041E-003
  -144.00000000000000        4.2836370702554315E-003
  -140.00000000000000        3.8557727537245441E-003
  -136.00000000000000        3.4321183567373333E-003
  -132.00000000000000        3.0085999763481337E-003
  -128.00000000000000        2.5808640005374828E-003
  -124.00000000000000        2.1449919069587635E-003
  -120.00000000000000        1.6981509939806463E-003
  -116.00000000000000        1.2390792562271126E-003
  -112.00000000000000        7.6832848638233640E-004
  -108.00000000000000        2.8822718042256909E-004
  -104.00000000000000       -1.9743199064281623E-004
  -100.00000000000000       -6.8393324229684260E-004
  -96.000000000000000       -1.1663257518055785E-003
  -92.000000000000000       -1.6401553137718804E-003
  -88.000000000000000       -2.1021300519885175E-003
  -84.000000000000000       -2.5506210042934678E-003
  -80.000000000000000       -2.9859232336843441E-003
  -76.000000000000000       -3.4102383461010249E-003
  -72.000000000000000       -3.8273793451511912E-003
  -68.000000000000000       -4.2422375150959982E-003
  -64.000000000000000       -4.6600828161462628E-003
  -60.000000000000000       -5.0857897256024135E-003
  -56.000000000000000       -5.5230871248594980E-003
  -52.000000000000000       -5.9739235053025887E-003
  -48.000000000000000       -6.4380193857064387E-003
  -44.000000000000000       -6.9126510660684291E-003
  -40.000000000000000       -7.3926783937273144E-003
  -36.000000000000000       -7.8707990097889088E-003
  -32.000000000000000       -8.3379869011539886E-003
  -28.000000000000000       -8.7840570607621848E-003
  -24.000000000000000       -9.1982920255326752E-003
  -20.000000000000000       -9.5700695998142474E-003
  -16.000000000000000       -9.8894421923779383E-003
  -12.000000000000000       -1.0147633818258393E-002
  -8.0000000000000000       -1.0337437425753229E-002
  -4.0000000000000000       -1.0453509542409803E-002
   0.0000000000000000       -1.0492568896138749E-002
   4.0000000000000000       -1.0453509542409809E-002
   8.0000000000000000       -1.0337437425753243E-002
   12.000000000000000       -1.0147633818258396E-002
   16.000000000000000       -9.8894421923779383E-003
   20.000000000000000       -9.5700695998142439E-003
   24.000000000000000       -9.1982920255326613E-003
   28.000000000000000       -8.7840570607621363E-003
   32.000000000000000       -8.3379869011539244E-003
   36.000000000000000       -7.8707990097888220E-003
   40.000000000000000       -7.3926783937271912E-003
   44.000000000000000       -6.9126510660682729E-003
   48.000000000000000       -6.4380193857062566E-003
   52.000000000000000       -5.9739235053023858E-003
   56.000000000000000       -5.5230871248592587E-003
   60.000000000000000       -5.0857897256021568E-003
   64.000000000000000       -4.6600828161459853E-003
   68.000000000000000       -4.2422375150957059E-003
   72.000000000000000       -3.8273793451508806E-003
   76.000000000000000       -3.4102383461006996E-003
   80.000000000000000       -2.9859232336840050E-003
   84.000000000000000       -2.5506210042931122E-003
   88.000000000000000       -2.1021300519881462E-003
   92.000000000000000       -1.6401553137714853E-003
   96.000000000000000       -1.1663257518051645E-003
   100.00000000000000       -6.8393324229640198E-004
   104.00000000000000       -1.9743199064234845E-004
   108.00000000000000        2.8822718042306787E-004
   112.00000000000000        7.6832848638286376E-004
   116.00000000000000        1.2390792562276720E-003
   120.00000000000000        1.6981509939812327E-003
   124.00000000000000        2.1449919069593784E-003
   128.00000000000000        2.5808640005381186E-003
   132.00000000000000        3.0085999763487955E-003
   136.00000000000000        3.4321183567380159E-003
   140.00000000000000        3.8557727537252406E-003
   144.00000000000000        4.2836370702561506E-003
   148.00000000000000        4.7188384965581292E-003
   152.00000000000000        5.1630427347882177E-003
   156.00000000000000        5.6161720042720237E-003
   160.00000000000000        6.0763997267017219E-003
   164.00000000000000        6.5404221077799609E-003
   168.00000000000000        7.0039630219307196E-003
   172.00000000000000        7.4624316357084419E-003
   176.00000000000000        7.9116279845321633E-003
   180.00000000000000        8.3483841466022550E-003
   184.00000000000000        8.7710389885105201E-003
   188.00000000000000        9.1796710767032032E-003
   192.00000000000000        9.5760530281701582E-003
   196.00000000000000        9.9633351364626210E-003
   200.00000000000000        1.0345509420396713E-002
   204.00000000000000        1.0726740354920978E-002
   208.00000000000000        1.1110669816050696E-002
   212.00000000000000        1.1499807782726404E-002
   216.00000000000000        1.1895106440266591E-002
   220.00000000000000        1.2295785757299057E-002
   224.00000000000000        1.2699438119893533E-002
   228.00000000000000        1.3102394721024806E-002
   232.00000000000000        1.3500294346268073E-002
   236.00000000000000        1.3888762735628751E-002
   240.00000000000000        1.4264093054540660E-002
   244.00000000000000        1.4623818000839874E-002
   248.00000000000000        1.4967081689418578E-002
   252.00000000000000        1.5294751832251390E-002
   256.00000000000000        1.5609254632544691E-002
   260.00000000000000        1.5914159473726187E-002
   264.00000000000000        1.6213580708160470E-002
   268.00000000000000        1.6511493165675021E-002
   272.00000000000000        1.6811071707129720E-002
   276.00000000000000        1.7114161067112856E-002
   280.00000000000000        1.7420961056533488E-002
   284.00000000000000        1.7729977376483148E-002
   288.00000000000000        1.8038245465099207E-002
   292.00000000000000        1.8341790871054021E-002
   296.00000000000000        1.8636251691425219E-002
   300.00000000000000        1.8917562718467684E-002
   304.00000000000000        1.9182591241596048E-002
   308.00000000000000        1.9429622463054092E-002
   312.00000000000000        1.9658616871270466E-002
   316.00000000000000        1.9871198710035919E-002
   320.00000000000000        2.0070377938537279E-002
   324.00000000000000        2.0260050832757080E-002
   328.00000000000000        2.0444359772865146E-002
   332.00000000000000        2.0627015139530632E-002
   336.00000000000000        2.0810688058455075E-002
   340.00000000000000        2.0996571109505122E-002
   344.00000000000000        2.1184176975624521E-002
   348.00000000000000        2.1371406746798074E-002
   352.00000000000000        2.1554876378230000E-002
   356.00000000000000        2.1730448560412258E-002
   360.00000000000000        2.1893884578374757E-002
   364.00000000000000        2.2041511808368660E-002
   368.00000000000000        2.2170800293477858E-002
   372.00000000000000        2.2280756642927068E-002
   376.00000000000000        2.2372072885021861E-002
   380.00000000000000        2.2447007127843897E-002
   384.00000000000000        2.2509015655660155E-002
   388.00000000000000        2.2562195587066632E-002
   392.00000000000000        2.2610627171640214E-002
   396.00000000000000        2.2657720482928384E-002
   400.00000000000000        2.2705670246351665E-002
   404.00000000000000        2.2755105055783140E-002
   408.00000000000000        2.2804986129920803E-002
   412.00000000000000        2.2852771032727481E-002
   416.00000000000000        2.2894815766126200E-002
   420.00000000000000        2.2926951002025114E-002
   424.00000000000000        2.2945140890591968E-002
   428.00000000000000        2.2946120135260446E-002
   432.00000000000000        2.2927908806302438E-002
   436.00000000000000        2.2890123996743235E-002
   440.00000000000000        2.2834039732005689E-002
   444.00000000000000        2.2762386372286374E-002
   448.00000000000000        2.2678921783544775E-002
   452.00000000000000        2.2587842334932388E-002
   456.00000000000000        2.2493126708226546E-002
   460.00000000000000        2.2397915718625438E-002
   464.00000000000000        2.2304025320404361E-002
   468.00000000000000        2.2211668737089102E-002
   472.00000000000000        2.2119430623255412E-002
   476.00000000000000        2.2024496569627083E-002
   480.00000000000000        2.1923101334348813E-002
   484.00000000000000        2.1811125162807164E-002
   488.00000000000000        2.1684744724459980E-002
   492.00000000000000        2.1541037045843890E-002
   496.00000000000000        2.1378442539779958E-002
   500.00000000000000        2.1197015527576697E-002
   504.00000000000000        2.0998423970314956E-002
   508.00000000000000        2.0785699224559813E-002
   512.00000000000000        2.0562775413230320E-002
   516.00000000000000        2.0333890442890828E-002
   520.00000000000000        2.0102941817618833E-002
   524.00000000000000        1.9872896998426717E-002
   528.00000000000000        1.9645349206252341E-002
   532.00000000000000        1.9420286729794078E-002
   536.00000000000000        1.9196110588729411E-002
   540.00000000000000        1.8969897002503143E-002
   544.00000000000000        1.8737863469731261E-002
   548.00000000000000        1.8495966157087436E-002
   552.00000000000000        1.8240536464160406E-002
   556.00000000000000        1.7968859040087343E-002
   560.00000000000000        1.7679602940034143E-002
   564.00000000000000        1.7373040482354961E-002
   568.00000000000000        1.7051021111140194E-002
   572.00000000000000        1.6716705114808477E-002
   576.00000000000000        1.6374098638286178E-002
   580.00000000000000        1.6027461486035784E-002
   584.00000000000000        1.5680678217098953E-002
   588.00000000000000        1.5336688171582454E-002
   592.00000000000000        1.4997060660367226E-002
   596.00000000000000        1.4661779128480303E-002
   600.00000000000000        1.4329266158624938E-002
   604.00000000000000        1.3996644617127886E-002
   608.00000000000000        1.3660194618353159E-002
   612.00000000000000        1.3315936663774730E-002
   616.00000000000000        1.2960252668823422E-002
   620.00000000000000        1.2590451348467617E-002
   624.00000000000000        1.2205193275936587E-002
   628.00000000000000        1.1804712421236929E-002
   632.00000000000000        1.1390801796336170E-002
   636.00000000000000        1.0966566294533100E-002
   640.00000000000000        1.0535980574191167E-002
   644.00000000000000        1.0103318717186676E-002
   648.00000000000000        9.6725411317414647E-003
   652.00000000000000        9.2467300603028893E-003
   656.00000000000000        8.8276573254561751E-003
   660.00000000000000        8.4155478606444453E-003
   664.00000000000000        8.0090732089837715E-003
   668.00000000000000        7.6055749581416515E-003
   672.00000000000000        7.2014841117209998E-003
   676.00000000000000        6.7928736903274962E-003
   680.00000000000000        6.3760625950548683E-003
   684.00000000000000        5.9481817056233795E-003
   688.00000000000000        5.5076192559369262E-003
   692.00000000000000        5.0542807247971880E-003
   696.00000000000000        4.5896260250335450E-003
   700.00000000000000        4.1164795563715332E-003
   704.00000000000000        3.6386418695446773E-003
   708.00000000000000        3.1603604275987668E-003
   712.00000000000000        2.6857371001757550E-003
   716.00000000000000        2.2181587368879283E-003
   720.00000000000000        1.7598332783187642E-003
   724.00000000000000        1.3114980590921603E-003
   728.00000000000000        8.7234163635858757E-004
   732.00000000000000        4.4014938794913866E-004
   736.00000000000000        1.1650807276320185E-005
   740.00000000000000       -4.1698245705962321E-004
   744.00000000000000       -8.4956009113901264E-004
   748.00000000000000       -1.2893011876304174E-003
   752.00000000000000       -1.7383487461848921E-003
   756.00000000000000       -2.1974395495665332E-003
   760.00000000000000       -2.6657757295706448E-003
   764.00000000000000       -3.1411152944649835E-003
   768.00000000000000       -3.6200676368022358E-003
   772.00000000000000       -4.0985510400582638E-003
   776.00000000000000       -4.5723465447552883E-003
   780.00000000000000       -5.0376693618622926E-003
   784.00000000000000       -5.4916770961864862E-003
   788.00000000000000       -5.9328435186361281E-003
   792.00000000000000       -6.3611460485335919E-003
   796.00000000000000       -6.7780416393717910E-003
   800.00000000000000       -7.1862356043359762E-003
   804.00000000000000       -7.5892768559963778E-003
   808.00000000000000       -7.9910370320977614E-003
   812.00000000000000       -8.3951467418360015E-003
   816.00000000000000       -8.8044675898966106E-003
   820.00000000000000       -9.2206730798451569E-003
   824.00000000000000       -9.6439958578799136E-003
   828.00000000000000       -1.0073175312086808E-002
   832.00000000000000       -1.0505611620366916E-002
   836.00000000000000       -1.0937703845101324E-002
   840.00000000000000       -1.1365324534181657E-002
   844.00000000000000       -1.1784364921646208E-002
   848.00000000000000       -1.2191275666561951E-002
   852.00000000000000       -1.2583529270745696E-002
   856.00000000000000       -1.2959941587822602E-002
   860.00000000000000       -1.3320809521619521E-002
   864.00000000000000       -1.3667847332264657E-002
   868.00000000000000       -1.4003931418264398E-002
   872.00000000000000       -1.4332689277636229E-002
   876.00000000000000       -1.4657989097987507E-002
   880.00000000000000       -1.4983399347977430E-002
   884.00000000000000       -1.5311691198210403E-002
   888.00000000000000       -1.5644450242245707E-002
   892.00000000000000       -1.5981848793629825E-002
   896.00000000000000       -1.6322608146980257E-002
   900.00000000000000       -1.6664154616903133E-002
   904.00000000000000       -1.7002947361204744E-002
   908.00000000000000       -1.7334933387004193E-002
   912.00000000000000       -1.7656068686069538E-002
   916.00000000000000       -1.7962836245067573E-002
   920.00000000000000       -1.8252692701223247E-002
   924.00000000000000       -1.8524385406780846E-002
   928.00000000000000       -1.8778099193738886E-002
   932.00000000000000       -1.9015414794247006E-002
   936.00000000000000       -1.9239085637740405E-002
   940.00000000000000       -1.9452663352752142E-002
   944.00000000000000       -1.9660021691731890E-002
   948.00000000000000       -1.9864841310696171E-002
   952.00000000000000       -2.0070122317503158E-002
   956.00000000000000       -2.0277787288760479E-002
   960.00000000000000       -2.0488425211813484E-002
   964.00000000000000       -2.0701208223979233E-002
   968.00000000000000       -2.0913990571904521E-002
   972.00000000000000       -2.1123575829325121E-002
   976.00000000000000       -2.1326117091663637E-002
   980.00000000000000       -2.1517598296838244E-002
   984.00000000000000       -2.1694335039283308E-002
   988.00000000000000       -2.1853431388336054E-002
   992.00000000000000       -2.1993135409681962E-002
   996.00000000000000       -2.2113049418771149E-002
   1000.0000000000000       -2.2214169683571486E-002
   1004.0000000000000       -2.2298751914604332E-002
   1008.0000000000000       -2.2370020682446350E-002
   1012.0000000000000       -2.2431760162657383E-002
   1016.0000000000000       -2.2487837967070129E-002
   1020.0000000000000       -2.2541721572050023E-002
   1024.0000000000000       -2.2596047142358928E-002
   1028.0000000000000       -2.2652293455863590E-002
   1032.0000000000000       -2.2710600150391780E-002
   1036.0000000000000       -2.2769751398007469E-002
   1040.0000000000000       -2.2827325657482467E-002
   1044.0000000000000       -2.2879991899342131E-002
   1048.0000000000000       -2.2923915103888130E-002
   1052.0000000000000       -2.2955220994600740E-002
   1056.0000000000000       -2.2970463363794005E-002
   1060.0000000000000       -2.2967037668515676E-002
   1064.0000000000000       -2.2943491667698698E-002
   1068.0000000000000       -2.2899696770361428E-002
   1072.0000000000000       -2.2836860825900238E-002
   1076.0000000000000       -2.2757382202789046E-002
   1080.0000000000000       -2.2664563860088908E-002
   1084.0000000000000       -2.2562222482882248E-002
   1088.0000000000000       -2.2454239734433768E-002
   1092.0000000000000       -2.2344108937630142E-002
   1096.0000000000000       -2.2234530400783152E-002
   1100.0000000000000       -2.2127102272757902E-002
   1104.0000000000000       -2.2022142101529432E-002
   1108.0000000000000       -2.1918658640978674E-002
   1112.0000000000000       -2.1814475790607323E-002
   1116.0000000000000       -2.1706492945087832E-002
   1120.0000000000000       -2.1591050507845079E-002
   1124.0000000000000       -2.1464357633710743E-002
   1128.0000000000000       -2.1322932680118319E-002
   1132.0000000000000       -2.1164006021836684E-002
   1136.0000000000000       -2.0985839805924871E-002
   1140.0000000000000       -2.0787929222576728E-002
   1144.0000000000000       -2.0571063713623813E-002
   1148.0000000000000       -2.0337242595841701E-002
   1152.0000000000000       -2.0089455990852750E-002
   1156.0000000000000       -1.9831356878944578E-002
   1160.0000000000000       -1.9566861891140475E-002
   1164.0000000000000       -1.9299725869933677E-002
   1168.0000000000000       -1.9033137528192065E-002
   1172.0000000000000       -1.8769380566334783E-002
   1176.0000000000000       -1.8509596804166528E-002
   1180.0000000000000       -1.8253676202008288E-002
   1184.0000000000000       -1.8000284445064053E-002
   1188.0000000000000       -1.7747023647277947E-002
   1192.0000000000000       -1.7490707359500052E-002
   1196.0000000000000       -1.7227718983379804E-002
   1200.0000000000000       -1.6954414153517092E-002
   1204.0000000000000       -1.6667523499417292E-002
   1208.0000000000000       -1.6364512786759509E-002
   1212.0000000000000       -1.6043862599463311E-002
   1216.0000000000000       -1.5705238811400377E-002
   1220.0000000000000       -1.5349537060061034E-002
   1224.0000000000000       -1.4978797947065279E-002
   1228.0000000000000       -1.4596003295808667E-002
   1232.0000000000000       -1.4204776066384582E-002
   1236.0000000000000       -1.3809016210872637E-002
   1240.0000000000000       -1.3412510899343491E-002
   1244.0000000000000       -1.3018559602103246E-002
   1248.0000000000000       -1.2629652358608584E-002
   1252.0000000000000       -1.2247233517131821E-002
   1256.0000000000000       -1.1871574001561046E-002
   1260.0000000000000       -1.1501763768683683E-002
   1264.0000000000000       -1.1135823769680501E-002
   1268.0000000000000       -1.0770924695855577E-002
   1272.0000000000000       -1.0403689276073167E-002
   1276.0000000000000       -1.0030546920422944E-002
   1280.0000000000000       -9.6481048064657546E-003
   1284.0000000000000       -9.2534984684748134E-003
   1288.0000000000000       -8.8446875886700957E-003
   1292.0000000000000       -8.4206686507030150E-003
   1296.0000000000000       -7.9815847304045735E-003
   1300.0000000000000       -7.5287230568977627E-003
   1304.0000000000000       -7.0644020248192638E-003
   1308.0000000000000       -6.5917599859150007E-003
   1312.0000000000000       -6.1144673772977791E-003
   1316.0000000000000       -5.6363907033137950E-003
   1320.0000000000000       -5.1612409711885221E-003
   1324.0000000000000       -4.6922400740066371E-003
   1328.0000000000000       -4.2318363181090383E-003
   1332.0000000000000       -3.7814951080643571E-003
   1336.0000000000000       -3.3415832964556100E-003
   1340.0000000000000       -2.9113566436611508E-003
   1344.0000000000000       -2.4890501017165506E-003
   1348.0000000000000       -2.0720611573094481E-003
   1352.0000000000000       -1.6572081100931085E-003
   1356.0000000000000       -1.2410386604787610E-003
   1360.0000000000000       -8.2016007804748276E-004
   1364.0000000000000       -3.9156082285466933E-004
   1368.0000000000000        4.7105153674851162E-005
   1372.0000000000000        4.9729629550467590E-004
   1376.0000000000000        9.5944235061692766E-004
   1380.0000000000000        1.4328955766264434E-003
   1384.0000000000000        1.9159771497399482E-003
   1388.0000000000000        2.4061132686383139E-003
   1392.0000000000000        2.9000477252068787E-003
   1396.0000000000000        3.3941113436745064E-003
   1400.0000000000000        3.8845241817829041E-003
   1404.0000000000000        4.3677040750166474E-003
   1408.0000000000000        4.8405551187150203E-003
   1412.0000000000000        5.3007119491080227E-003
   1416.0000000000000        5.7467199388187293E-003
   1420.0000000000000        6.1781372413244788E-003
   1424.0000000000000        6.5955514615366811E-003
   1428.0000000000000        7.0005109891949375E-003
   1432.0000000000000        7.3953780891719322E-003
   1436.0000000000000        7.7831171193633569E-003
   1440.0000000000000        8.1670362507623735E-003
   1444.0000000000000        8.5505044276694784E-003
   1448.0000000000000        8.9366668096993122E-003
   1452.0000000000000        9.3281815225190849E-003
   1456.0000000000000        9.7269983102266210E-003
   1460.0000000000000        1.0134195870880901E-002
   1464.0000000000000        1.0549889626667154E-002
   1468.0000000000000        1.0973215872901596E-002
   1472.0000000000000        1.1402392150561018E-002
   1476.0000000000000        1.1834847783335576E-002
   1480.0000000000000        1.2267413264832839E-002
   1484.0000000000000        1.2696552957535306E-002
   1488.0000000000000        1.3118622659443630E-002
   1492.0000000000000        1.3530132180323817E-002
   1496.0000000000000        1.3927993198848573E-002
   1500.0000000000000        1.4309734276814963E-002
   1504.0000000000000        1.4673667810588901E-002
   1508.0000000000000        1.5018997636746689E-002
   1512.0000000000000        1.5345860647036772E-002
   1516.0000000000000        1.5655300738631802E-002
   1520.0000000000000        1.5949178352651010E-002
   1524.0000000000000        1.6230023381026037E-002
   1528.0000000000000        1.6500843038331200E-002
   1532.0000000000000        1.6764899156445339E-002
   1536.0000000000000        1.7025471101132558E-002
   1540.0000000000000        1.7285621053904927E-002
   1544.0000000000000        1.7547977761406802E-002
   1548.0000000000000        1.7814553122557017E-002
   1552.0000000000000        1.8086603327010505E-002
   1556.0000000000000        1.8364542899470707E-002
   1560.0000000000000        1.8647916202772008E-002
   1564.0000000000000        1.8935426985564718E-002
   1568.0000000000000        1.9225022702295074E-002
   1572.0000000000000        1.9514026837022091E-002
   1576.0000000000000        1.9799309544230027E-002
   1580.0000000000000        2.0077484745211475E-002
   1584.0000000000000        2.0345120495978013E-002
   1588.0000000000000        2.0598949018411205E-002
   1592.0000000000000        2.0836063245910429E-002
   1596.0000000000000        2.1054088007005981E-002
   1600.0000000000000        2.1251315935895475E-002
   1604.0000000000000        2.1426800700493413E-002
   1608.0000000000000        2.1580402994038187E-002
   1612.0000000000000        2.1712787751214144E-002
   1616.0000000000000        2.1825374030806387E-002
   1620.0000000000000        2.1920241773991194E-002
   1624.0000000000000        2.2000002043834153E-002
   1628.0000000000000        2.2067639252555858E-002
   1632.0000000000000        2.2126335201115125E-002
   1636.0000000000000        2.2179285443255242E-002
   1640.0000000000000        2.2229518536462444E-002
   1644.0000000000000        2.2279728186369349E-002
   1648.0000000000000        2.2332127193775985E-002
   1652.0000000000000        2.2388330566851331E-002
   1656.0000000000000        2.2449273277560838E-002
   1660.0000000000000        2.2515166045470852E-002
   1664.0000000000000        2.2585490352383327E-002
   1668.0000000000000        2.2659031752777146E-002
   1672.0000000000000        2.2733948562319032E-002
   1676.0000000000000        2.2807871278103003E-002
   1680.0000000000000        2.2878026687665882E-002
   1684.0000000000000        2.2941379613729093E-002
   1688.0000000000000        2.2994784648002888E-002
   1692.0000000000000        2.3035140055884987E-002
   1696.0000000000000        2.3059536267319845E-002
   1700.0000000000000        2.3065391970196834E-002
   1704.0000000000000        2.3050571737680728E-002
   1708.0000000000000        2.3013480283656379E-002
   1712.0000000000000        2.2953129776979810E-002
   1716.0000000000000        2.2869178078074034E-002
   1720.0000000000000        2.2761937214067062E-002
   1724.0000000000000        2.2632352809372192E-002
   1728.0000000000000        2.2481956473658814E-002
   1732.0000000000000        2.2312794265342658E-002
   1736.0000000000000        2.2127335255225929E-002
   1740.0000000000000        2.1928364884196045E-002
   1744.0000000000000        2.1718868226913525E-002
   1748.0000000000000        2.1501908439170492E-002
   1752.0000000000000        2.1280505590947230E-002
   1756.0000000000000        2.1057520791375895E-002
   1760.0000000000000        2.0835550025368927E-002
   1764.0000000000000        2.0616831480393148E-002
   1768.0000000000000        2.0403169385529146E-002
   1772.0000000000000        2.0195876555009932E-002
   1776.0000000000000        1.9995736966045705E-002
   1780.0000000000000        1.9802988844900487E-002
   1784.0000000000000        1.9617327921085694E-002
   1788.0000000000000        1.9437929767463204E-002
   1792.0000000000000        1.9263489498422590E-002
   1796.0000000000000        1.9092276567246380E-002
   1800.0000000000000        1.8922201998876682E-002
   1804.0000000000000        1.8750895120879237E-002
   1808.0000000000000        1.8575786712763092E-002
   1812.0000000000000        1.8394195476072909E-002
   1816.0000000000000        1.8203414824397447E-002
   1820.0000000000000        1.8000797189658777E-002
   1824.0000000000000        1.7783833322171677E-002
   1828.0000000000000        1.7550224408760931E-002
   1832.0000000000000        1.7297945226754222E-002
   1836.0000000000000        1.7025296973096894E-002
   1840.0000000000000        1.6730948839248107E-002
   1844.0000000000000        1.6413967827456747E-002
   1848.0000000000000        1.6073836708026840E-002
   1852.0000000000000        1.5710460388140016E-002
   1856.0000000000000        1.5324161291100813E-002
   1860.0000000000000        1.4915664623515477E-002
   1864.0000000000000        1.4486074632513151E-002
   1868.0000000000000        1.4036843123662492E-002
   1872.0000000000000        1.3569731623007997E-002
   1876.0000000000000        1.3086768625814548E-002
   1880.0000000000000        1.2590203383999590E-002
   1884.0000000000000        1.2082457648956518E-002
   1888.0000000000000        1.1566076712573899E-002
   1892.0000000000000        1.1043680983390702E-002
   1896.0000000000000        1.0517919203932660E-002
   1900.0000000000000        9.9914242662876226E-003
   1904.0000000000000        9.4667724226091925E-003
   1908.0000000000000        8.9464465217185228E-003
   1912.0000000000000        8.4328037379508558E-003
   1916.0000000000000        7.9280480987885399E-003
   1920.0000000000000        7.4342079677366989E-003
   1924.0000000000000        6.9531185016340150E-003
   1928.0000000000000        6.4864089795875664E-003
   1932.0000000000000        6.0354947956509537E-003
   1936.0000000000000        5.6015738201149416E-003
   1940.0000000000000        5.1856267651134271E-003
   1944.0000000000000        4.7884211387871451E-003
   1948.0000000000000        4.4105183376751209E-003
   1952.0000000000000        4.0522834080661992E-003
   1956.0000000000000        3.7138970022151632E-003
   1960.0000000000000        3.3953690628614479E-003
   1964.0000000000000        3.0965537875244104E-003
   1968.0000000000000        2.8171654506821018E-003
   1972.0000000000000        2.5567946952800209E-003
   1976.0000000000000        2.3149249432605568E-003
   1980.0000000000000        2.0909486162656097E-003
   1984.0000000000000        1.8841829008100735E-003
   1988.0000000000000        1.6938848357051835E-003
   1992.0000000000000        1.5192655421615564E-003
   1996.0000000000000        1.3595034578633527E-003
   2000.0000000000000        1.2137564746037264E-003
