  -2000.0000000000000       -8.8269806158516615E-017
  -1996.0000000000000       -1.1904562873013789E-016
  -1992.0000000000000       -1.6037296093413624E-016
  -1988.0000000000000       -2.1580648943995968E-016
  -1984.0000000000000       -2.9007663355698969E-016
  -1980.0000000000000       -3.8947099117878436E-016
  -1976.0000000000000       -5.2233704570541851E-016
  -1972.0000000000000       -6.9974386149888079E-016
  -1968.0000000000000       -9.3635196791412807E-016
  -1964.0000000000000       -1.2515555088140723E-015
  -1960.0000000000000       -1.6709799997382703E-015
  -1956.0000000000000       -2.2284439490136948E-015
  -1952.0000000000000       -2.9685247742624004E-015
  -1948.0000000000000       -3.9499109409889217E-015
  -1944.0000000000000       -5.2497756909796350E-015
  -1940.0000000000000       -6.9694764585989961E-015
  -1936.0000000000000       -9.2419723436977336E-015
  -1932.0000000000000       -1.2241465217332014E-014
  -1928.0000000000000       -1.6195915021277267E-014
  -1924.0000000000000       -2.1403265241742134E-014
  -1920.0000000000000       -2.8252451331556348E-014
  -1916.0000000000000       -3.7250566826062422E-014
  -1912.0000000000000       -4.9057946433144987E-014
  -1908.0000000000000       -6.4533414345572303E-014
  -1904.0000000000000       -8.4792566884340959E-014
  -1900.0000000000000       -1.1128274576229283E-013
  -1896.0000000000000       -1.4587935484985647E-013
  -1892.0000000000000       -1.9100943317933775E-013
  -1888.0000000000000       -2.4980998722395716E-013
  -1884.0000000000000       -3.2633058991234808E-013
  -1880.0000000000000       -4.2579227644109276E-013
  -1876.0000000000000       -5.5491793689540119E-013
  -1872.0000000000000       -7.2235338305664564E-013
  -1868.0000000000000       -9.3920324960216766E-013
  -1864.0000000000000       -1.2197121227677219E-012
  -1860.0000000000000       -1.5821290739807852E-012
  -1856.0000000000000       -2.0498034830813591E-012
  -1852.0000000000000       -2.6525721214245662E-012
  -1848.0000000000000       -3.4285124884754440E-012
  -1844.0000000000000       -4.4261560408086513E-012
  -1840.0000000000000       -5.7072780558733301E-012
  -1836.0000000000000       -7.3504094542260347E-012
  -1832.0000000000000       -9.4552512044995919E-012
  -1828.0000000000000       -1.2148215463322604E-011
  -1824.0000000000000       -1.5589371186582265E-011
  -1820.0000000000000       -1.9981137802223952E-011
  -1816.0000000000000       -2.5579151331703405E-011
  -1812.0000000000000       -3.2705826310061296E-011
  -1808.0000000000000       -4.1767257860450051E-011
  -1804.0000000000000       -5.3274255982355755E-011
  -1800.0000000000000       -6.7868484090001152E-011
  -1796.0000000000000       -8.6354892754799580E-011
  -1792.0000000000000       -1.0974190541534103E-010
  -1788.0000000000000       -1.3929113498566078E-010
  -1784.0000000000000       -1.7657880005813178E-010
  -1780.0000000000000       -2.2357148008109059E-010
  -1776.0000000000000       -2.8271941623823112E-010
  -1772.0000000000000       -3.5707124733672133E-010
  -1768.0000000000000       -4.5041488966982203E-010
  -1764.0000000000000       -5.6745025219629183E-010
  -1760.0000000000000       -7.1400065348456886E-010
  -1756.0000000000000       -8.9727120974547493E-010
  -1752.0000000000000       -1.1261641347250967E-009
  -1748.0000000000000       -1.4116628796316123E-009
  -1744.0000000000000       -1.7672993994929696E-009
  -1740.0000000000000       -2.2097216247359062E-009
  -1736.0000000000000       -2.7593815162680140E-009
  -1732.0000000000000       -3.4413679726200784E-009
  -1728.0000000000000       -4.2864134344963545E-009
  -1724.0000000000000       -5.3321084045294731E-009
  -1720.0000000000000       -6.6243643921380997E-009
  -1716.0000000000000       -8.2191731455065353E-009
  -1712.0000000000000       -1.0184718603136984E-008
  -1708.0000000000000       -1.2603907963957370E-008
  -1704.0000000000000       -1.5577399836462002E-008
  -1700.0000000000000       -1.9227220805237709E-008
  -1696.0000000000000       -2.3701077192887481E-008
  -1692.0000000000000       -2.9177486567359784E-008
  -1688.0000000000000       -3.5871873945741708E-008
  -1684.0000000000000       -4.4043800999122090E-008
  -1680.0000000000000       -5.4005523219489554E-008
  -1676.0000000000000       -6.6132100345562832E-008
  -1672.0000000000000       -8.0873319761934053E-008
  -1668.0000000000000       -9.8767731509989424E-008
  -1664.0000000000000       -1.2045913742475431E-007
  -1660.0000000000000       -1.4671592619939780E-007
  -1656.0000000000000       -1.7845370134813421E-007
  -1652.0000000000000       -2.1676171055963369E-007
  -1648.0000000000000       -2.6293365326907955E-007
  -1644.0000000000000       -3.1850351886889683E-007
  -1640.0000000000000       -3.8528719123136822E-007
  -1636.0000000000000       -4.6543064648227946E-007
  -1632.0000000000000       -5.6146567051947782E-007
  -1628.0000000000000       -6.7637413079066170E-007
  -1624.0000000000000       -8.1366195337846691E-007
  -1620.0000000000000       -9.7744408137562150E-007
  -1616.0000000000000       -1.1725418235582633E-006
  -1612.0000000000000       -1.4045941429328793E-006
  -1608.0000000000000       -1.6801845820101187E-006
  -1604.0000000000000       -2.0069856744817033E-006
  -1600.0000000000000       -2.3939228497970536E-006
  -1596.0000000000000       -2.8513599959614317E-006
  -1592.0000000000000       -3.3913090042167910E-006
  -1588.0000000000000       -4.0276657740716828E-006
  -1584.0000000000000       -4.7764753047430996E-006
  -1580.0000000000000       -5.6562286351116126E-006
  -1576.0000000000000       -6.6881945136848029E-006
  -1572.0000000000000       -7.8967887769362436E-006
  -1568.0000000000000       -9.3099844820370637E-006
  -1564.0000000000000       -1.0959765870852078E-005
  -1560.0000000000000       -1.2882629227692673E-005
  -1556.0000000000000       -1.5120133624372076E-005
  -1552.0000000000000       -1.7719504412417387E-005
  -1548.0000000000000       -2.0734292112864451E-005
  -1544.0000000000000       -2.4225089057190136E-005
  -1540.0000000000000       -2.8260305736291987E-005
  -1536.0000000000000       -3.2917008305260664E-005
  -1532.0000000000000       -3.8281818056981451E-005
  -1528.0000000000000       -4.4451872904382042E-005
  -1524.0000000000000       -5.1535849986763903E-005
  -1520.0000000000000       -5.9655047428148103E-005
  -1516.0000000000000       -6.8944522014170018E-005
  -1512.0000000000000       -7.9554278109557523E-005
  -1508.0000000000000       -9.1650501503717858E-005
  -1504.0000000000000       -1.0541683004319823E-004
  -1500.0000000000000       -1.2105565088624216E-004
  -1496.0000000000000       -1.3878941199973346E-004
  -1492.0000000000000       -1.5886193312121151E-004
  -1488.0000000000000       -1.8153969884242966E-004
  -1484.0000000000000       -2.0711311375719481E-004
  -1480.0000000000000       -2.3589769678284699E-004
  -1476.0000000000000       -2.6823518884818364E-004
  -1472.0000000000000       -3.0449454518558124E-004
  -1468.0000000000000       -3.4507278052596133E-004
  -1464.0000000000000       -3.9039563263569565E-004
  -1460.0000000000000       -4.4091800692858482E-004
  -1456.0000000000000       -4.9712416241736921E-004
  -1452.0000000000000       -5.5952759713107851E-004
  -1448.0000000000000       -6.2867058941961545E-004
  -1444.0000000000000       -7.0512335040602493E-004
  -1440.0000000000000       -7.8948274234692849E-004
  -1436.0000000000000       -8.8237051794581530E-004
  -1432.0000000000000       -9.8443103685699361E-004
  -1428.0000000000000       -1.0963284178455159E-003
  -1424.0000000000000       -1.2187430884525723E-003
  -1420.0000000000000       -1.3523676986714544E-003
  -1416.0000000000000       -1.4979023711701887E-003
  -1412.0000000000000       -1.6560492680914578E-003
  -1408.0000000000000       -1.8275064634849056E-003
  -1404.0000000000000       -2.0129611210223334E-003
  -1400.0000000000000       -2.2130819888206213E-003
  -1396.0000000000000       -2.4285112369221377E-003
  -1392.0000000000000       -2.6598556781850559E-003
  -1388.0000000000000       -2.9076774298961352E-003
  -1384.0000000000000       -3.1724840911632342E-003
  -1380.0000000000000       -3.4547185298427368E-003
  -1376.0000000000000       -3.7547483921188804E-003
  -1372.0000000000000       -4.0728554675248359E-003
  -1368.0000000000000       -4.4092250617672867E-003
  -1364.0000000000000       -4.7639355487122783E-003
  -1360.0000000000000       -5.1369482907814039E-003
  -1356.0000000000000       -5.5280981332149065E-003
  -1352.0000000000000       -5.9370846915597188E-003
  -1348.0000000000000       -6.3634646626842834E-003
  -1344.0000000000000       -6.8066453969416974E-003
  -1340.0000000000000       -7.2658799721277301E-003
  -1336.0000000000000       -7.7402640079637028E-003
  -1332.0000000000000       -8.2287344523659135E-003
  -1328.0000000000000       -8.7300705572011979E-003
  -1324.0000000000000       -9.2428972411151486E-003
  -1320.0000000000000       -9.7656910100163419E-003
  -1316.0000000000000       -1.0296788571711183E-002
  -1312.0000000000000       -1.0834398239975557E-002
  -1308.0000000000000       -1.1376614175187700E-002
  -1304.0000000000000       -1.1921433453903162E-002
  -1300.0000000000000       -1.2466775899042395E-002
  -1296.0000000000000       -1.3010506536529092E-002
  -1292.0000000000000       -1.3550460474383227E-002
  -1288.0000000000000       -1.4084469927782332E-002
  -1284.0000000000000       -1.4610393040081686E-002
  -1280.0000000000000       -1.5126144077049118E-002
  -1276.0000000000000       -1.5629724501673898E-002
  -1272.0000000000000       -1.6119254372046792E-002
  -1268.0000000000000       -1.6593003447302634E-002
  -1264.0000000000000       -1.7049421338856639E-002
  -1260.0000000000000       -1.7487166008510243E-002
  -1256.0000000000000       -1.7905129893757744E-002
  -1252.0000000000000       -1.8302462935910438E-002
  -1248.0000000000000       -1.8678591800331320E-002
  -1244.0000000000000       -1.9033234611685101E-002
  -1240.0000000000000       -1.9366410581721703E-002
  -1236.0000000000000       -1.9678443983311179E-002
  -1232.0000000000000       -1.9969962022182229E-002
  -1228.0000000000000       -2.0241886276386390E-002
  -1224.0000000000000       -2.0495417511471856E-002
  -1220.0000000000000       -2.0732013834519194E-002
  -1216.0000000000000       -2.0953362319587159E-002
  -1212.0000000000000       -2.1161344417020479E-002
  -1208.0000000000000       -2.1357995645030933E-002
  -1204.0000000000000       -2.1545460248896225E-002
  -1200.0000000000000       -2.1725941695383669E-002
  -1196.0000000000000       -2.1901650041576876E-002
  -1192.0000000000000       -2.2074747371873069E-002
  -1188.0000000000000       -2.2247292628214586E-002
  -1184.0000000000000       -2.2421187260458646E-002
  -1180.0000000000000       -2.2598123190442198E-002
  -1176.0000000000000       -2.2779534609634413E-002
  -1172.0000000000000       -2.2966555112126221E-002
  -1168.0000000000000       -2.3159981598965939E-002
  -1164.0000000000000       -2.3360246274844548E-002
  -1160.0000000000000       -2.3567397893674794E-002
  -1156.0000000000000       -2.3781093197255111E-002
  -1152.0000000000000       -2.4000599234328835E-002
  -1148.0000000000000       -2.4224806951158535E-002
  -1144.0000000000000       -2.4452256116306241E-002
  -1140.0000000000000       -2.4681171290466614E-002
  -1136.0000000000000       -2.4909508187326807E-002
  -1132.0000000000000       -2.5135009405260950E-002
  -1128.0000000000000       -2.5355268154927953E-002
  -1124.0000000000000       -2.5567798277873224E-002
  -1120.0000000000000       -2.5770108559507281E-002
  -1116.0000000000000       -2.5959779099468731E-002
  -1112.0000000000000       -2.6134537325590779E-002
  -1108.0000000000000       -2.6292331135223286E-002
  -1104.0000000000000       -2.6431396628266265E-002
  -1100.0000000000000       -2.6550317966171813E-002
  -1096.0000000000000       -2.6648077053616940E-002
  -1092.0000000000000       -2.6724090994440005E-002
  -1088.0000000000000       -2.6778235617060404E-002
  -1084.0000000000000       -2.6810853789492627E-002
  -1080.0000000000000       -2.6822747739022844E-002
  -1076.0000000000000       -2.6815155141845362E-002
  -1072.0000000000000       -2.6789709335452661E-002
  -1068.0000000000000       -2.6748384610552803E-002
  -1064.0000000000000       -2.6693428136946345E-002
  -1060.0000000000000       -2.6627280644990991E-002
  -1056.0000000000000       -2.6552488496598328E-002
  -1052.0000000000000       -2.6471610213332480E-002
  -1048.0000000000000       -2.6387120862098469E-002
  -1044.0000000000000       -2.6301317911869026E-002
  -1040.0000000000000       -2.6216232252532938E-002
  -1036.0000000000000       -2.6133547998643290E-002
  -1032.0000000000000       -2.6054534481591680E-002
  -1028.0000000000000       -2.5979993464697926E-002
  -1024.0000000000000       -2.5910224104604335E-002
  -1020.0000000000000       -2.5845007543582266E-002
  -1016.0000000000000       -2.5783612271703789E-002
  -1012.0000000000000       -2.5724820572072479E-002
  -1008.0000000000000       -2.5666975488286475E-002
  -1004.0000000000000       -2.5608046866882225E-002
  -1000.0000000000000       -2.5545714167078449E-002
  -996.00000000000000       -2.5477462935140641E-002
  -992.00000000000000       -2.5400691149694517E-002
  -988.00000000000000       -2.5312821093332473E-002
  -984.00000000000000       -2.5211412026328175E-002
  -980.00000000000000       -2.5094268755444737E-002
  -976.00000000000000       -2.4959541222075700E-002
  -972.00000000000000       -2.4805810487593203E-002
  -968.00000000000000       -2.4632156968010882E-002
  -964.00000000000000       -2.4438207452598455E-002
  -960.00000000000000       -2.4224158309029263E-002
  -956.00000000000000       -2.3990773298086136E-002
  -952.00000000000000       -2.3739355551993604E-002
  -948.00000000000000       -2.3471694462737749E-002
  -944.00000000000000       -2.3189989425563183E-002
  -940.00000000000000       -2.2896753530493912E-002
  -936.00000000000000       -2.2594701333312848E-002
  -932.00000000000000       -2.2286625711680646E-002
  -928.00000000000000       -2.1975269472373576E-002
  -924.00000000000000       -2.1663197780738219E-002
  -920.00000000000000       -2.1352677603197850E-002
  -916.00000000000000       -2.1045570170843617E-002
  -912.00000000000000       -2.0743241984331504E-002
  -908.00000000000000       -2.0446499100493471E-002
  -904.00000000000000       -2.0155548397900125E-002
  -900.00000000000000       -1.9869988255579545E-002
  -896.00000000000000       -1.9588829653031405E-002
  -892.00000000000000       -1.9310547178340531E-002
  -888.00000000000000       -1.9033157890227172E-002
  -884.00000000000000       -1.8754324499108879E-002
  -880.00000000000000       -1.8471477991627745E-002
  -876.00000000000000       -1.8181953698359257E-002
  -872.00000000000000       -1.7883133962788768E-002
  -868.00000000000000       -1.7572590065806963E-002
  -864.00000000000000       -1.7248215932474498E-002
  -860.00000000000000       -1.6908346416257630E-002
  -856.00000000000000       -1.6551853619034388E-002
  -852.00000000000000       -1.6178215739909661E-002
  -848.00000000000000       -1.5787554307843066E-002
  -844.00000000000000       -1.5380637278052642E-002
  -840.00000000000000       -1.4958847278811522E-002
  -836.00000000000000       -1.4524116189128283E-002
  -832.00000000000000       -1.4078829106033438E-002
  -828.00000000000000       -1.3625702517070716E-002
  -824.00000000000000       -1.3167643026472687E-002
  -820.00000000000000       -1.2707594198845094E-002
  -816.00000000000000       -1.2248379903330364E-002
  -812.00000000000000       -1.1792552905525683E-002
  -808.00000000000000       -1.1342257329489583E-002
  -804.00000000000000       -1.0899112990769984E-002
  -800.00000000000000       -1.0464128504991970E-002
  -796.00000000000000       -1.0037648555117809E-002
  -792.00000000000000       -9.6193388306513306E-003
  -788.00000000000000       -9.2082100334865222E-003
  -784.00000000000000       -8.8026800954910164E-003
  -780.00000000000000       -8.4006715015672688E-003
  -776.00000000000000       -7.9997384924027932E-003
  -772.00000000000000       -7.5972170633062108E-003
  -768.00000000000000       -7.1903891976614811E-003
  -764.00000000000000       -6.7766517745752076E-003
  -760.00000000000000       -6.3536801431891268E-003
  -756.00000000000000       -5.9195765024423787E-003
  -752.00000000000000       -5.4729939713142363E-003
  -748.00000000000000       -5.0132285506380176E-003
  -744.00000000000000       -4.5402729973061419E-003
  -740.00000000000000       -4.0548288558270550E-003
  -736.00000000000000       -3.5582753934713606E-003
  -732.00000000000000       -3.0525968154201427E-003
  -728.00000000000000       -2.5402717348519009E-003
  -724.00000000000000       -2.0241312766508214E-003
  -720.00000000000000       -1.5071942469541740E-003
  -716.00000000000000       -9.9248936646374264E-004
  -712.00000000000000       -4.8287553288609041E-004
  -708.00000000000000        1.9128628309174278E-005
  -704.00000000000000        5.1149507973097198E-004
  -700.00000000000000        9.9280682128106892E-004
  -696.00000000000000        1.4623404937384313E-003
  -692.00000000000000        1.9201054559648168E-003
  -688.00000000000000        2.3668363610938213E-003
  -684.00000000000000        2.8039392048095665E-003
  -680.00000000000000        3.2333938219474365E-003
  -676.00000000000000        3.6576186715541782E-003
  -672.00000000000000        4.0793062848793072E-003
  -668.00000000000000        4.5012397821671702E-003
  -664.00000000000000        4.9261022481930884E-003
  -660.00000000000000        5.3562913882625133E-003
  -656.00000000000000        5.7937517084192484E-003
  -652.00000000000000        6.2398354711146352E-003
  -648.00000000000000        6.6952019202360189E-003
  -644.00000000000000        7.1597618493874924E-003
  -640.00000000000000        7.6326716539023920E-003
  -636.00000000000000        8.1123777476309073E-003
  -632.00000000000000        8.5967088538649525E-003
  -628.00000000000000        9.0830104220882123E-003
  -624.00000000000000        9.5683125021263603E-003
  -620.00000000000000        1.0049520030163446E-002
  -616.00000000000000        1.0523612819698307E-002
  -612.00000000000000        1.0987841732092074E-002
  -608.00000000000000        1.1439907597743382E-002
  -604.00000000000000        1.1878110480211672E-002
  -600.00000000000000        1.2301458767923065E-002
  -596.00000000000000        1.2709730225838272E-002
  -592.00000000000000        1.3103480371932971E-002
  -588.00000000000000        1.3483997145408018E-002
  -584.00000000000000        1.3853204559770703E-002
  -580.00000000000000        1.4213521625171605E-002
  -576.00000000000000        1.4567686025847586E-002
  -572.00000000000000        1.4918554617917312E-002
  -568.00000000000000        1.5268894577355471E-002
  -564.00000000000000        1.5621179839151645E-002
  -560.00000000000000        1.5977407253130380E-002
  -556.00000000000000        1.6338945638306707E-002
  -552.00000000000000        1.6706428718218636E-002
  -548.00000000000000        1.7079699906632557E-002
  -544.00000000000000        1.7457813289766262E-002
  -540.00000000000000        1.7839091168878558E-002
  -536.00000000000000        1.8221234467422940E-002
  -532.00000000000000        1.8601478462302770E-002
  -528.00000000000000        1.8976782951031473E-002
  -524.00000000000000        1.9344043366482034E-002
  -520.00000000000000        1.9700307698887618E-002
  -516.00000000000000        2.0042983515384468E-002
  -512.00000000000000        2.0370019938111834E-002
  -508.00000000000000        2.0680051127307506E-002
  -504.00000000000000        2.0972490508008972E-002
  -500.00000000000000        2.1247568493811840E-002
  -496.00000000000000        2.1506310550673435E-002
  -492.00000000000000        2.1750456813358136E-002
  -488.00000000000000        2.1982328796635614E-002
  -484.00000000000000        2.2204652710494769E-002
  -480.00000000000000        2.2420352193134922E-002
  -476.00000000000000        2.2632325661945476E-002
  -472.00000000000000        2.2843224760561946E-002
  -468.00000000000000        2.3055250439224170E-002
  -464.00000000000000        2.3269982025949362E-002
  -460.00000000000000        2.3488252300474390E-002
  -456.00000000000000        2.3710078233682558E-002
  -452.00000000000000        2.3934652942827248E-002
  -448.00000000000000        2.4160399839163217E-002
  -444.00000000000000        2.4385085250832814E-002
  -440.00000000000000        2.4605981345219016E-002
  -436.00000000000000        2.4820067293680945E-002
  -432.00000000000000        2.5024253620446173E-002
  -428.00000000000000        2.5215612796000989E-002
  -424.00000000000000        2.5391598530504871E-002
  -420.00000000000000        2.5550236955453783E-002
  -416.00000000000000        2.5690274910782577E-002
  -412.00000000000000        2.5811273738075870E-002
  -408.00000000000000        2.5913641085799032E-002
  -404.00000000000000        2.5998597952420394E-002
  -400.00000000000000        2.6068083169424668E-002
  -396.00000000000000        2.6124602375616729E-002
  -392.00000000000000        2.6171032879041052E-002
  -388.00000000000000        2.6210399300266217E-002
  -384.00000000000000        2.6245637259681195E-002
  -380.00000000000000        2.6279363415670224E-002
  -376.00000000000000        2.6313669785295622E-002
  -372.00000000000000        2.6349958499838688E-002
  -368.00000000000000        2.6388830090033219E-002
  -364.00000000000000        2.6430034287815842E-002
  -360.00000000000000        2.6472487485897297E-002
  -356.00000000000000        2.6514355788014563E-002
  -352.00000000000000        2.6553197418649734E-002
  -348.00000000000000        2.6586153549432837E-002
  -344.00000000000000        2.6610172716972934E-002
  -340.00000000000000        2.6622251268220466E-002
  -336.00000000000000        2.6619670901769952E-002
  -332.00000000000000        2.6600214497124179E-002
  -328.00000000000000        2.6562343041661031E-002
  -324.00000000000000        2.6505319460531116E-002
  -320.00000000000000        2.6429269300502291E-002
  -316.00000000000000        2.6335173193236760E-002
  -312.00000000000000        2.6224791435668096E-002
  -308.00000000000000        2.6100526445367568E-002
  -304.00000000000000        2.5965233842825473E-002
  -300.00000000000000        2.5821997076559376E-002
  -296.00000000000000        2.5673883500246610E-002
  -292.00000000000000        2.5523701384360376E-002
  -288.00000000000000        2.5373777361141790E-002
  -284.00000000000000        2.5225772248788421E-002
  -280.00000000000000        2.5080550192836396E-002
  -276.00000000000000        2.4938111832863971E-002
  -272.00000000000000        2.4797597084680580E-002
  -268.00000000000000        2.4657357530544023E-002
  -264.00000000000000        2.4515092783186185E-002
  -260.00000000000000        2.4368039989797727E-002
  -256.00000000000000        2.4213201294518566E-002
  -252.00000000000000        2.4047590940990699E-002
  -248.00000000000000        2.3868482032616815E-002
  -244.00000000000000        2.3673632921436833E-002
  -240.00000000000000        2.3461474780013005E-002
  -236.00000000000000        2.3231245004279324E-002
  -232.00000000000000        2.2983055454514394E-002
  -228.00000000000000        2.2717889816822892E-002
  -224.00000000000000        2.2437530131903267E-002
  -220.00000000000000        2.2144418321894035E-002
  -216.00000000000000        2.1841463875820959E-002
  -212.00000000000000        2.1531813290318443E-002
  -208.00000000000000        2.1218600036630283E-002
  -204.00000000000000        2.0904695471014090E-002
  -200.00000000000000        2.0592481081671592E-002
  -196.00000000000000        2.0283660766230109E-002
  -192.00000000000000        1.9979128592792592E-002
  -188.00000000000000        1.9678902975749653E-002
  -184.00000000000000        1.9382132763007872E-002
  -180.00000000000000        1.9087174829201102E-002
  -176.00000000000000        1.8791736885542885E-002
  -172.00000000000000        1.8493073837429083E-002
  -168.00000000000000        1.8188221591984004E-002
  -164.00000000000000        1.7874249108560263E-002
  -160.00000000000000        1.7548507956658275E-002
  -156.00000000000000        1.7208858828367722E-002
  -152.00000000000000        1.6853856335047105E-002
  -148.00000000000000        1.6482876847990675E-002
  -144.00000000000000        1.6096178838580714E-002
  -140.00000000000000        1.5694890747106425E-002
  -136.00000000000000        1.5280927399217575E-002
  -132.00000000000000        1.4856841897363733E-002
  -128.00000000000000        1.4425625249848544E-002
  -124.00000000000000        1.3990470317575806E-002
  -120.00000000000000        1.3554519597772955E-002
  -116.00000000000000        1.3120617679252143E-002
  -112.00000000000000        1.2691088784967918E-002
  -108.00000000000000        1.2267557699666649E-002
  -104.00000000000000        1.1850828740586709E-002
  -100.00000000000000        1.1440832572453577E-002
  -96.000000000000000        1.1036645001649902E-002
  -92.000000000000000        1.0636575883750957E-002
  -88.000000000000000        1.0238320447064662E-002
  -84.000000000000000        9.8391601616046008E-003
  -80.000000000000000        9.4361962017258088E-003
  -76.000000000000000        9.0265959029727227E-003
  -72.000000000000000        8.6078316199773731E-003
  -68.000000000000000        8.1778921332200903E-003
  -64.000000000000000        7.7354491622478629E-003
  -60.000000000000000        7.2799654146178724E-003
  -56.000000000000000        6.8117356029620928E-003
  -52.000000000000000        6.3318575712218092E-003
  -48.000000000000000        5.8421365999976795E-003
  -44.000000000000000        5.3449316066814740E-003
  -40.000000000000000        4.8429568397969809E-003
  -36.000000000000000        4.3390563753278573E-003
  -32.000000000000000        3.8359709427812703E-003
  -28.000000000000000        3.3361171544469353E-003
  -24.000000000000000        2.8413980397512528E-003
  -20.000000000000000        2.3530610012459283E-003
  -16.000000000000000        1.8716151506781378E-003
  -12.000000000000000        1.3968148108138374E-003
  -8.0000000000000000        9.2771022564970985E-004
  -4.0000000000000000        4.6276070117171975E-004
   0.0000000000000000       -4.7173803650202923E-016
   4.0000000000000000       -4.6276070117266040E-004
   8.0000000000000000       -9.2771022565064248E-004
   12.000000000000000       -1.3968148108147555E-003
   16.000000000000000       -1.8716151506790390E-003
   20.000000000000000       -2.3530610012468044E-003
   24.000000000000000       -2.8413980397520994E-003
   28.000000000000000       -3.3361171544477471E-003
   32.000000000000000       -3.8359709427820501E-003
   36.000000000000000       -4.3390563753285911E-003
   40.000000000000000       -4.8429568397976748E-003
   44.000000000000000       -5.3449316066821236E-003
   48.000000000000000       -5.8421365999982815E-003
   52.000000000000000       -6.3318575712223574E-003
   56.000000000000000       -6.8117356029625906E-003
   60.000000000000000       -7.2799654146183269E-003
   64.000000000000000       -7.7354491622482670E-003
   68.000000000000000       -8.1778921332204477E-003
   72.000000000000000       -8.6078316199776871E-003
   76.000000000000000       -9.0265959029729847E-003
   80.000000000000000       -9.4361962017260187E-003
   84.000000000000000       -9.8391601616047795E-003
   88.000000000000000       -1.0238320447064801E-002
   92.000000000000000       -1.0636575883751043E-002
   96.000000000000000       -1.1036645001649957E-002
   100.00000000000000       -1.1440832572453596E-002
   104.00000000000000       -1.1850828740586690E-002
   108.00000000000000       -1.2267557699666597E-002
   112.00000000000000       -1.2691088784967818E-002
   116.00000000000000       -1.3120617679252008E-002
   120.00000000000000       -1.3554519597772775E-002
   124.00000000000000       -1.3990470317575570E-002
   128.00000000000000       -1.4425625249848256E-002
   132.00000000000000       -1.4856841897363393E-002
   136.00000000000000       -1.5280927399217183E-002
   140.00000000000000       -1.5694890747105995E-002
   144.00000000000000       -1.6096178838580222E-002
   148.00000000000000       -1.6482876847990133E-002
   152.00000000000000       -1.6853856335046519E-002
   156.00000000000000       -1.7208858828367070E-002
   160.00000000000000       -1.7548507956657560E-002
   164.00000000000000       -1.7874249108559503E-002
   168.00000000000000       -1.8188221591983193E-002
   172.00000000000000       -1.8493073837428230E-002
   176.00000000000000       -1.8791736885541980E-002
   180.00000000000000       -1.9087174829200158E-002
   184.00000000000000       -1.9382132763006869E-002
   188.00000000000000       -1.9678902975748591E-002
   192.00000000000000       -1.9979128592791488E-002
   196.00000000000000       -2.0283660766228968E-002
   200.00000000000000       -2.0592481081670399E-002
   204.00000000000000       -2.0904695471012855E-002
   208.00000000000000       -2.1218600036628982E-002
   212.00000000000000       -2.1531813290317118E-002
   216.00000000000000       -2.1841463875819579E-002
   220.00000000000000       -2.2144418321892602E-002
   224.00000000000000       -2.2437530131901761E-002
   228.00000000000000       -2.2717889816821348E-002
   232.00000000000000       -2.2983055454512805E-002
   236.00000000000000       -2.3231245004277687E-002
   240.00000000000000       -2.3461474780011319E-002
   244.00000000000000       -2.3673632921435078E-002
   248.00000000000000       -2.3868482032615018E-002
   252.00000000000000       -2.4047590940988840E-002
   256.00000000000000       -2.4213201294516679E-002
   260.00000000000000       -2.4368039989795802E-002
   264.00000000000000       -2.4515092783184200E-002
   268.00000000000000       -2.4657357530542032E-002
   272.00000000000000       -2.4797597084678557E-002
   276.00000000000000       -2.4938111832861903E-002
   280.00000000000000       -2.5080550192834287E-002
   284.00000000000000       -2.5225772248786277E-002
   288.00000000000000       -2.5373777361139632E-002
   292.00000000000000       -2.5523701384358177E-002
   296.00000000000000       -2.5673883500244358E-002
   300.00000000000000       -2.5821997076557100E-002
   304.00000000000000       -2.5965233842823177E-002
   308.00000000000000       -2.6100526445365230E-002
   312.00000000000000       -2.6224791435665730E-002
   316.00000000000000       -2.6335173193234352E-002
   320.00000000000000       -2.6429269300499849E-002
   324.00000000000000       -2.6505319460528632E-002
   328.00000000000000       -2.6562343041658519E-002
   332.00000000000000       -2.6600214497121639E-002
   336.00000000000000       -2.6619670901767378E-002
   340.00000000000000       -2.6622251268217885E-002
   344.00000000000000       -2.6610172716970311E-002
   348.00000000000000       -2.6586153549430207E-002
   352.00000000000000       -2.6553197418647062E-002
   356.00000000000000       -2.6514355788011878E-002
   360.00000000000000       -2.6472487485894612E-002
   364.00000000000000       -2.6430034287813157E-002
   368.00000000000000       -2.6388830090030523E-002
   372.00000000000000       -2.6349958499835964E-002
   376.00000000000000       -2.6313669785292884E-002
   380.00000000000000       -2.6279363415667480E-002
   384.00000000000000       -2.6245637259678441E-002
   388.00000000000000       -2.6210399300263459E-002
   392.00000000000000       -2.6171032879038290E-002
   396.00000000000000       -2.6124602375613960E-002
   400.00000000000000       -2.6068083169421871E-002
   404.00000000000000       -2.5998597952417622E-002
   408.00000000000000       -2.5913641085796236E-002
   412.00000000000000       -2.5811273738073036E-002
   416.00000000000000       -2.5690274910779746E-002
   420.00000000000000       -2.5550236955450958E-002
   424.00000000000000       -2.5391598530502039E-002
   428.00000000000000       -2.5215612795998148E-002
   432.00000000000000       -2.5024253620443335E-002
   436.00000000000000       -2.4820067293678132E-002
   440.00000000000000       -2.4605981345216181E-002
   444.00000000000000       -2.4385085250830010E-002
   448.00000000000000       -2.4160399839160403E-002
   452.00000000000000       -2.3934652942824441E-002
   456.00000000000000       -2.3710078233679779E-002
   460.00000000000000       -2.3488252300471611E-002
   464.00000000000000       -2.3269982025946611E-002
   468.00000000000000       -2.3055250439221436E-002
   472.00000000000000       -2.2843224760559215E-002
   476.00000000000000       -2.2632325661942759E-002
   480.00000000000000       -2.2420352193132213E-002
   484.00000000000000       -2.2204652710492073E-002
   488.00000000000000       -2.1982328796632922E-002
   492.00000000000000       -2.1750456813355457E-002
   496.00000000000000       -2.1506310550670767E-002
   500.00000000000000       -2.1247568493809186E-002
   504.00000000000000       -2.0972490508006335E-002
   508.00000000000000       -2.0680051127304894E-002
   512.00000000000000       -2.0370019938109253E-002
   516.00000000000000       -2.0042983515381901E-002
   520.00000000000000       -1.9700307698885058E-002
   524.00000000000000       -1.9344043366479512E-002
   528.00000000000000       -1.8976782951028996E-002
   532.00000000000000       -1.8601478462300300E-002
   536.00000000000000       -1.8221234467420515E-002
   540.00000000000000       -1.7839091168876164E-002
   544.00000000000000       -1.7457813289763896E-002
   548.00000000000000       -1.7079699906630247E-002
   552.00000000000000       -1.6706428718216332E-002
   556.00000000000000       -1.6338945638304465E-002
   560.00000000000000       -1.5977407253128184E-002
   564.00000000000000       -1.5621179839149473E-002
   568.00000000000000       -1.5268894577353337E-002
   572.00000000000000       -1.4918554617915230E-002
   576.00000000000000       -1.4567686025845539E-002
   580.00000000000000       -1.4213521625169600E-002
   584.00000000000000       -1.3853204559768736E-002
   588.00000000000000       -1.3483997145406089E-002
   592.00000000000000       -1.3103480371931080E-002
   596.00000000000000       -1.2709730225836427E-002
   600.00000000000000       -1.2301458767921257E-002
   604.00000000000000       -1.1878110480209914E-002
   608.00000000000000       -1.1439907597741661E-002
   612.00000000000000       -1.0987841732090397E-002
   616.00000000000000       -1.0523612819696677E-002
   620.00000000000000       -1.0049520030161867E-002
   624.00000000000000       -9.5683125021248337E-003
   628.00000000000000       -9.0830104220867413E-003
   632.00000000000000       -8.5967088538635317E-003
   636.00000000000000       -8.1123777476295508E-003
   640.00000000000000       -7.6326716539010927E-003
   644.00000000000000       -7.1597618493862503E-003
   648.00000000000000       -6.6952019202348445E-003
   652.00000000000000       -6.2398354711135145E-003
   656.00000000000000       -5.7937517084181833E-003
   660.00000000000000       -5.3562913882615071E-003
   664.00000000000000       -4.9261022481921343E-003
   668.00000000000000       -4.5012397821662734E-003
   672.00000000000000       -4.0793062848784676E-003
   676.00000000000000       -3.6576186715533872E-003
   680.00000000000000       -3.2333938219466993E-003
   684.00000000000000       -2.8039392048088796E-003
   688.00000000000000       -2.3668363610931842E-003
   692.00000000000000       -1.9201054559642300E-003
   696.00000000000000       -1.4623404937378940E-003
   700.00000000000000       -9.9280682128057821E-004
   704.00000000000000       -5.1149507973053678E-004
   708.00000000000000       -1.9128628308791589E-005
   712.00000000000000        4.8287553288642077E-004
   716.00000000000000        9.9248936646401586E-004
   720.00000000000000        1.5071942469543904E-003
   724.00000000000000        2.0241312766509784E-003
   728.00000000000000        2.5402717348519972E-003
   732.00000000000000        3.0525968154201809E-003
   736.00000000000000        3.5582753934713337E-003
   740.00000000000000        4.0548288558269682E-003
   744.00000000000000        4.5402729973059936E-003
   748.00000000000000        5.0132285506378025E-003
   752.00000000000000        5.4729939713139553E-003
   756.00000000000000        5.9195765024420387E-003
   760.00000000000000        6.3536801431887243E-003
   764.00000000000000        6.7766517745747497E-003
   768.00000000000000        7.1903891976609676E-003
   772.00000000000000        7.5972170633056349E-003
   776.00000000000000        7.9997384924021687E-003
   780.00000000000000        8.4006715015665888E-003
   784.00000000000000        8.8026800954902774E-003
   788.00000000000000        9.2082100334857312E-003
   792.00000000000000        9.6193388306504961E-003
   796.00000000000000        1.0037648555116916E-002
   800.00000000000000        1.0464128504991016E-002
   804.00000000000000        1.0899112990768987E-002
   808.00000000000000        1.1342257329488514E-002
   812.00000000000000        1.1792552905524570E-002
   816.00000000000000        1.2248379903329195E-002
   820.00000000000000        1.2707594198843866E-002
   824.00000000000000        1.3167643026471399E-002
   828.00000000000000        1.3625702517069366E-002
   832.00000000000000        1.4078829106032026E-002
   836.00000000000000        1.4524116189126805E-002
   840.00000000000000        1.4958847278809988E-002
   844.00000000000000        1.5380637278051053E-002
   848.00000000000000        1.5787554307841400E-002
   852.00000000000000        1.6178215739907936E-002
   856.00000000000000        1.6551853619032615E-002
   860.00000000000000        1.6908346416255791E-002
   864.00000000000000        1.7248215932472614E-002
   868.00000000000000        1.7572590065805017E-002
   872.00000000000000        1.7883133962786773E-002
   876.00000000000000        1.8181953698357196E-002
   880.00000000000000        1.8471477991625657E-002
   884.00000000000000        1.8754324499106731E-002
   888.00000000000000        1.9033157890224986E-002
   892.00000000000000        1.9310547178338314E-002
   896.00000000000000        1.9588829653029147E-002
   900.00000000000000        1.9869988255577245E-002
   904.00000000000000        2.0155548397897783E-002
   908.00000000000000        2.0446499100491098E-002
   912.00000000000000        2.0743241984329086E-002
   916.00000000000000        2.1045570170841181E-002
   920.00000000000000        2.1352677603195366E-002
   924.00000000000000        2.1663197780735707E-002
   928.00000000000000        2.1975269472371012E-002
   932.00000000000000        2.2286625711678033E-002
   936.00000000000000        2.2594701333310187E-002
   940.00000000000000        2.2896753530491219E-002
   944.00000000000000        2.3189989425560449E-002
   948.00000000000000        2.3471694462734973E-002
   952.00000000000000        2.3739355551990787E-002
   956.00000000000000        2.3990773298083298E-002
   960.00000000000000        2.4224158309026377E-002
   964.00000000000000        2.4438207452595534E-002
   968.00000000000000        2.4632156968007898E-002
   972.00000000000000        2.4805810487590205E-002
   976.00000000000000        2.4959541222072671E-002
   980.00000000000000        2.5094268755441670E-002
   984.00000000000000        2.5211412026325094E-002
   988.00000000000000        2.5312821093329371E-002
   992.00000000000000        2.5400691149691401E-002
   996.00000000000000        2.5477462935137512E-002
   1000.0000000000000        2.5545714167075292E-002
   1004.0000000000000        2.5608046866879047E-002
   1008.0000000000000        2.5666975488283297E-002
   1012.0000000000000        2.5724820572069280E-002
   1016.0000000000000        2.5783612271700583E-002
   1020.0000000000000        2.5845007543579046E-002
   1024.0000000000000        2.5910224104601101E-002
   1028.0000000000000        2.5979993464694692E-002
   1032.0000000000000        2.6054534481588433E-002
   1036.0000000000000        2.6133547998640042E-002
   1040.0000000000000        2.6216232252529684E-002
   1044.0000000000000        2.6301317911865765E-002
   1048.0000000000000        2.6387120862095166E-002
   1052.0000000000000        2.6471610213329170E-002
   1056.0000000000000        2.6552488496595025E-002
   1060.0000000000000        2.6627280644987674E-002
   1064.0000000000000        2.6693428136943000E-002
   1068.0000000000000        2.6748384610549465E-002
   1072.0000000000000        2.6789709335449295E-002
   1076.0000000000000        2.6815155141841997E-002
   1080.0000000000000        2.6822747739019479E-002
   1084.0000000000000        2.6810853789489254E-002
   1088.0000000000000        2.6778235617057031E-002
   1092.0000000000000        2.6724090994436619E-002
   1096.0000000000000        2.6648077053613568E-002
   1100.0000000000000        2.6550317966168427E-002
   1104.0000000000000        2.6431396628262906E-002
   1108.0000000000000        2.6292331135219917E-002
   1112.0000000000000        2.6134537325587424E-002
   1116.0000000000000        2.5959779099465379E-002
   1120.0000000000000        2.5770108559503957E-002
   1124.0000000000000        2.5567798277869914E-002
   1128.0000000000000        2.5355268154924671E-002
   1132.0000000000000        2.5135009405257688E-002
   1136.0000000000000        2.4909508187323577E-002
   1140.0000000000000        2.4681171290463412E-002
   1144.0000000000000        2.4452256116303066E-002
   1148.0000000000000        2.4224806951155378E-002
   1152.0000000000000        2.4000599234325709E-002
   1156.0000000000000        2.3781093197252013E-002
   1160.0000000000000        2.3567397893671731E-002
   1164.0000000000000        2.3360246274841508E-002
   1168.0000000000000        2.3159981598962934E-002
   1172.0000000000000        2.2966555112123255E-002
   1176.0000000000000        2.2779534609631464E-002
   1180.0000000000000        2.2598123190439277E-002
   1184.0000000000000        2.2421187260455760E-002
   1188.0000000000000        2.2247292628211714E-002
   1192.0000000000000        2.2074747371870214E-002
   1196.0000000000000        2.1901650041574048E-002
   1200.0000000000000        2.1725941695380863E-002
   1204.0000000000000        2.1545460248893450E-002
   1208.0000000000000        2.1357995645028171E-002
   1212.0000000000000        2.1161344417017745E-002
   1216.0000000000000        2.0953362319584449E-002
   1220.0000000000000        2.0732013834516509E-002
   1224.0000000000000        2.0495417511469188E-002
   1228.0000000000000        2.0241886276383753E-002
   1232.0000000000000        1.9969962022179613E-002
   1236.0000000000000        1.9678443983308605E-002
   1240.0000000000000        1.9366410581719156E-002
   1244.0000000000000        1.9033234611682579E-002
   1248.0000000000000        1.8678591800328839E-002
   1252.0000000000000        1.8302462935907989E-002
   1256.0000000000000        1.7905129893755339E-002
   1260.0000000000000        1.7487166008507884E-002
   1264.0000000000000        1.7049421338854329E-002
   1268.0000000000000        1.6593003447300372E-002
   1272.0000000000000        1.6119254372044586E-002
   1276.0000000000000        1.5629724501671740E-002
   1280.0000000000000        1.5126144077047021E-002
   1284.0000000000000        1.4610393040079647E-002
   1288.0000000000000        1.4084469927780355E-002
   1292.0000000000000        1.3550460474381311E-002
   1296.0000000000000        1.3010506536527239E-002
   1300.0000000000000        1.2466775899040612E-002
   1304.0000000000000        1.1921433453901441E-002
   1308.0000000000000        1.1376614175186046E-002
   1312.0000000000000        1.0834398239973973E-002
   1316.0000000000000        1.0296788571709663E-002
   1320.0000000000000        9.7656910100148986E-003
   1324.0000000000000        9.2428972411137712E-003
   1328.0000000000000        8.7300705571998882E-003
   1332.0000000000000        8.2287344523646680E-003
   1336.0000000000000        7.7402640079625240E-003
   1340.0000000000000        7.2658799721266164E-003
   1344.0000000000000        6.8066453969406497E-003
   1348.0000000000000        6.3634646626832946E-003
   1352.0000000000000        5.9370846915587925E-003
   1356.0000000000000        5.5280981332140374E-003
   1360.0000000000000        5.1369482907805903E-003
   1364.0000000000000        4.7639355487115193E-003
   1368.0000000000000        4.4092250617665781E-003
   1372.0000000000000        4.0728554675241785E-003
   1376.0000000000000        3.7547483921182706E-003
   1380.0000000000000        3.4547185298421726E-003
   1384.0000000000000        3.1724840911627121E-003
   1388.0000000000000        2.9076774298956542E-003
   1392.0000000000000        2.6598556781846127E-003
   1396.0000000000000        2.4285112369217300E-003
   1400.0000000000000        2.2130819888202483E-003
   1404.0000000000000        2.0129611210219921E-003
   1408.0000000000000        1.8275064634845936E-003
   1412.0000000000000        1.6560492680911733E-003
   1416.0000000000000        1.4979023711699298E-003
   1420.0000000000000        1.3523676986712196E-003
   1424.0000000000000        1.2187430884523591E-003
   1428.0000000000000        1.0963284178453232E-003
   1432.0000000000000        9.8443103685681927E-004
   1436.0000000000000        8.8237051794565842E-004
   1440.0000000000000        7.8948274234678744E-004
   1444.0000000000000        7.0512335040589819E-004
   1448.0000000000000        6.2867058941950171E-004
   1452.0000000000000        5.5952759713097692E-004
   1456.0000000000000        4.9712416241727846E-004
   1460.0000000000000        4.4091800692850377E-004
   1464.0000000000000        3.9039563263562350E-004
   1468.0000000000000        3.4507278052589720E-004
   1472.0000000000000        3.0449454518552437E-004
   1476.0000000000000        2.6823518884813323E-004
   1480.0000000000000        2.3589769678280248E-004
   1484.0000000000000        2.0711311375715550E-004
   1488.0000000000000        1.8153969884239504E-004
   1492.0000000000000        1.5886193312118107E-004
   1496.0000000000000        1.3878941199970673E-004
   1500.0000000000000        1.2105565088621873E-004
   1504.0000000000000        1.0541683004317774E-004
   1508.0000000000000        9.1650501503699942E-005
   1512.0000000000000        7.9554278109541897E-005
   1516.0000000000000        6.8944522014156425E-005
   1520.0000000000000        5.9655047428136265E-005
   1524.0000000000000        5.1535849986753630E-005
   1528.0000000000000        4.4451872904373145E-005
   1532.0000000000000        3.8281818056973753E-005
   1536.0000000000000        3.2917008305254010E-005
   1540.0000000000000        2.8260305736286247E-005
   1544.0000000000000        2.4225089057185196E-005
   1548.0000000000000        2.0734292112860198E-005
   1552.0000000000000        1.7719504412413738E-005
   1556.0000000000000        1.5120133624368949E-005
   1560.0000000000000        1.2882629227689998E-005
   1564.0000000000000        1.0959765870849791E-005
   1568.0000000000000        9.3099844820351121E-006
   1572.0000000000000        7.8967887769345800E-006
   1576.0000000000000        6.6881945136833892E-006
   1580.0000000000000        5.6562286351104115E-006
   1584.0000000000000        4.7764753047420823E-006
   1588.0000000000000        4.0276657740708214E-006
   1592.0000000000000        3.3913090042160617E-006
   1596.0000000000000        2.8513599959608159E-006
   1600.0000000000000        2.3939228497965344E-006
   1604.0000000000000        2.0069856744812663E-006
   1608.0000000000000        1.6801845820097513E-006
   1612.0000000000000        1.4045941429325710E-006
   1616.0000000000000        1.1725418235580048E-006
   1620.0000000000000        9.7744408137540530E-007
   1624.0000000000000        8.1366195337828606E-007
   1628.0000000000000        6.7637413079051072E-007
   1632.0000000000000        5.6146567051935203E-007
   1636.0000000000000        4.6543064648217485E-007
   1640.0000000000000        3.8528719123128124E-007
   1644.0000000000000        3.1850351886882462E-007
   1648.0000000000000        2.6293365326901978E-007
   1652.0000000000000        2.1676171055958416E-007
   1656.0000000000000        1.7845370134809326E-007
   1660.0000000000000        1.4671592619936405E-007
   1664.0000000000000        1.2045913742472649E-007
   1668.0000000000000        9.8767731509966527E-008
   1672.0000000000000        8.0873319761915220E-008
   1676.0000000000000        6.6132100345547387E-008
   1680.0000000000000        5.4005523219476888E-008
   1684.0000000000000        4.4043800999111727E-008
   1688.0000000000000        3.5871873945733231E-008
   1692.0000000000000        2.9177486567352865E-008
   1696.0000000000000        2.3701077192881836E-008
   1700.0000000000000        1.9227220805233117E-008
   1704.0000000000000        1.5577399836458266E-008
   1708.0000000000000        1.2603907963954338E-008
   1712.0000000000000        1.0184718603134526E-008
   1716.0000000000000        8.2191731455045418E-009
   1720.0000000000000        6.6243643921364892E-009
   1724.0000000000000        5.3321084045281728E-009
   1728.0000000000000        4.2864134344953048E-009
   1732.0000000000000        3.4413679726192326E-009
   1736.0000000000000        2.7593815162673336E-009
   1740.0000000000000        2.2097216247353595E-009
   1744.0000000000000        1.7672993994925306E-009
   1748.0000000000000        1.4116628796312607E-009
   1752.0000000000000        1.1261641347248153E-009
   1756.0000000000000        8.9727120974524973E-010
   1760.0000000000000        7.1400065348438926E-010
   1764.0000000000000        5.6745025219614862E-010
   1768.0000000000000        4.5041488966970799E-010
   1772.0000000000000        3.5707124733663060E-010
   1776.0000000000000        2.8271941623815906E-010
   1780.0000000000000        2.2357148008103339E-010
   1784.0000000000000        1.7657880005808649E-010
   1788.0000000000000        1.3929113498562490E-010
   1792.0000000000000        1.0974190541531269E-010
   1796.0000000000000        8.6354892754777194E-011
   1800.0000000000000        6.7868484089983510E-011
   1804.0000000000000        5.3274255982341861E-011
   1808.0000000000000        4.1767257860439129E-011
   1812.0000000000000        3.2705826310052714E-011
   1816.0000000000000        2.5579151331696668E-011
   1820.0000000000000        1.9981137802218675E-011
   1824.0000000000000        1.5589371186578135E-011
   1828.0000000000000        1.2148215463319374E-011
   1832.0000000000000        9.4552512044970732E-012
   1836.0000000000000        7.3504094542240669E-012
   1840.0000000000000        5.7072780558717985E-012
   1844.0000000000000        4.4261560408074606E-012
   1848.0000000000000        3.4285124884745182E-012
   1852.0000000000000        2.6525721214238485E-012
   1856.0000000000000        2.0498034830808025E-012
   1860.0000000000000        1.5821290739803542E-012
   1864.0000000000000        1.2197121227673885E-012
   1868.0000000000000        9.3920324960191018E-013
   1872.0000000000000        7.2235338305644723E-013
   1876.0000000000000        5.5491793689524812E-013
   1880.0000000000000        4.2579227644097513E-013
   1884.0000000000000        3.2633058991225766E-013
   1888.0000000000000        2.4980998722388764E-013
   1892.0000000000000        1.9100943317928446E-013
   1896.0000000000000        1.4587935484981568E-013
   1900.0000000000000        1.1128274576226162E-013
   1904.0000000000000        8.4792566884317104E-014
   1908.0000000000000        6.4533414345554090E-014
   1912.0000000000000        4.9057946433131115E-014
   1916.0000000000000        3.7250566826051858E-014
   1920.0000000000000        2.8252451331548311E-014
   1924.0000000000000        2.1403265241736029E-014
   1928.0000000000000        1.6195915021272631E-014
   1932.0000000000000        1.2241465217328502E-014
   1936.0000000000000        9.2419723436950751E-015
   1940.0000000000000        6.9694764585969861E-015
   1944.0000000000000        5.2497756909781156E-015
   1948.0000000000000        3.9499109409877747E-015
   1952.0000000000000        2.9685247742615362E-015
   1956.0000000000000        2.2284439490130447E-015
   1960.0000000000000        1.6709799997377812E-015
   1964.0000000000000        1.2515555088137050E-015
   1968.0000000000000        9.3635196791385276E-016
   1972.0000000000000        6.9974386149867450E-016
   1976.0000000000000        5.2233704570526390E-016
   1980.0000000000000        3.8947099117866889E-016
   1984.0000000000000        2.9007663355690350E-016
   1988.0000000000000        2.1580648943989536E-016
   1992.0000000000000        1.6037296093408834E-016
   1996.0000000000000        1.1904562873010222E-016
   2000.0000000000000        8.8269806158490089E-017
