  -2000.0000000000000        1.6174128472999890E-016
  -1996.0000000000000        2.1755059956363700E-016
  -1992.0000000000000        2.9228871628969498E-016
  -1988.0000000000000        3.9226123857828516E-016
  -1984.0000000000000        5.2583504108548088E-016
  -1980.0000000000000        7.0409884155877362E-016
  -1976.0000000000000        9.4173107273286151E-016
  -1972.0000000000000        1.2581386780053311E-015
  -1968.0000000000000        1.6789495250232512E-015
  -1964.0000000000000        2.2379657741139407E-015
  -1960.0000000000000        2.9797173384094378E-015
  -1956.0000000000000        3.9627955512922784E-015
  -1952.0000000000000        5.2641998902640616E-015
  -1948.0000000000000        6.9849983713402747E-015
  -1944.0000000000000        9.2576891868267606E-015
  -1940.0000000000000        1.2255762590608307E-014
  -1936.0000000000000        1.6206104623374963E-014
  -1932.0000000000000        2.1405066466962182E-014
  -1928.0000000000000        2.8239255690898735E-014
  -1924.0000000000000        3.7212401851895653E-014
  -1920.0000000000000        4.8980025749082978E-014
  -1916.0000000000000        6.4394120382974684E-014
  -1912.0000000000000        8.4560658979902231E-014
  -1908.0000000000000        1.1091351471970922E-013
  -1904.0000000000000        1.4530934979354151E-013
  -1900.0000000000000        1.9014926023443508E-013
  -1896.0000000000000        2.4853451254674649E-013
  -1892.0000000000000        3.2446565930102408E-013
  -1888.0000000000000        4.2309677389537061E-013
  -1884.0000000000000        5.5105962401414456E-013
  -1880.0000000000000        7.1687646291230192E-013
  -1876.0000000000000        9.3148494776087864E-013
  -1872.0000000000000        1.2089047295512692E-012
  -1868.0000000000000        1.5670827883710133E-012
  -1864.0000000000000        2.0289639662945147E-012
  -1860.0000000000000        2.6238448132697709E-012
  -1856.0000000000000        3.3890833426368007E-012
  -1852.0000000000000        4.3722552442773843E-012
  -1848.0000000000000        5.6338693203168565E-012
  -1844.0000000000000        7.2507823594172454E-012
  -1840.0000000000000        9.3204875283059172E-012
  -1836.0000000000000        1.1966492061381460E-011
  -1832.0000000000000        1.5345051300017339E-011
  -1828.0000000000000        1.9653589061617597E-011
  -1824.0000000000000        2.5141211423678825E-011
  -1820.0000000000000        3.2121815321521720E-011
  -1816.0000000000000        4.0990408520389303E-011
  -1812.0000000000000        5.2243397895817974E-011
  -1808.0000000000000        6.6503773757301742E-011
  -1804.0000000000000        8.4552325403880252E-011
  -1800.0000000000000        1.0736627461717193E-010
  -1796.0000000000000        1.3616701818069404E-010
  -1792.0000000000000        1.7247903819708998E-010
  -1788.0000000000000        2.1820248229314165E-010
  -1784.0000000000000        2.7570244930698048E-010
  -1780.0000000000000        3.4791865686500497E-010
  -1776.0000000000000        4.3849993547388097E-010
  -1772.0000000000000        5.5196891290494272E-010
  -1768.0000000000000        6.9392335020739305E-010
  -1764.0000000000000        8.7128189864852543E-010
  -1760.0000000000000        1.0925836024002679E-009
  -1756.0000000000000        1.3683523179013883E-009
  -1752.0000000000000        1.7115394072075720E-009
  -1748.0000000000000        2.1380606464924376E-009
  -1744.0000000000000        2.6674463378158843E-009
  -1740.0000000000000        3.3236271974074894E-009
  -1736.0000000000000        4.1358828026115586E-009
  -1732.0000000000000        5.1399843095310794E-009
  -1728.0000000000000        6.3795689143364253E-009
  -1724.0000000000000        7.9077902472512761E-009
  -1720.0000000000000        9.7892966987207944E-009
  -1716.0000000000000        1.2102598738006688E-008
  -1712.0000000000000        1.4942896768866845E-008
  -1708.0000000000000        1.8425453167180666E-008
  -1704.0000000000000        2.2689606073117505E-008
  -1700.0000000000000        2.7903538497771870E-008
  -1696.0000000000000        3.4269934603947654E-008
  -1692.0000000000000        4.2032675906577407E-008
  -1688.0000000000000        5.1484753904155167E-008
  -1684.0000000000000        6.2977602611927235E-008
  -1680.0000000000000        7.6932084951409063E-008
  -1676.0000000000000        9.3851401305085316E-008
  -1672.0000000000000        1.1433622712717112E-007
  -1668.0000000000000        1.3910242967468294E-007
  -1664.0000000000000        1.6900176205148817E-007
  -1660.0000000000000        2.0504598619714509E-007
  -1656.0000000000000        2.4843493553998580E-007
  -1652.0000000000000        3.0058909307805860E-007
  -1648.0000000000000        3.6318733191617325E-007
  -1644.0000000000000        4.3821054297501953E-007
  -1640.0000000000000        5.2799195882171419E-007
  -1636.0000000000000        6.3527507336903751E-007
  -1632.0000000000000        7.6328015444307888E-007
  -1628.0000000000000        9.1578044965870597E-007
  -1624.0000000000000        1.0971892952108855E-006
  -1620.0000000000000        1.3126594514045969E-006
  -1616.0000000000000        1.5681961070599509E-006
  -1612.0000000000000        1.8707851160881439E-006
  -1608.0000000000000        2.2285381519397356E-006
  -1604.0000000000000        2.6508565872785104E-006
  -1600.0000000000000        3.1486160246999062E-006
  -1596.0000000000000        3.7343735166636353E-006
  -1592.0000000000000        4.4225996155877873E-006
  -1588.0000000000000        5.2299374842257238E-006
  -1584.0000000000000        6.1754913673640024E-006
  -1580.0000000000000        7.2811467732494340E-006
  -1576.0000000000000        8.5719247310140659E-006
  -1572.0000000000000        1.0076372472077370E-005
  -1568.0000000000000        1.1826992821755267E-005
  -1564.0000000000000        1.3860714474124266E-005
  -1560.0000000000000        1.6219405150013915E-005
  -1556.0000000000000        1.8950429395713905E-005
  -1552.0000000000000        2.2107252459044803E-005
  -1548.0000000000000        2.5750091269995558E-005
  -1544.0000000000000        2.9946613045198055E-005
  -1540.0000000000000        3.4772681419165470E-005
  -1536.0000000000000        4.0313149270901194E-005
  -1532.0000000000000        4.6662696553211243E-005
  -1528.0000000000000        5.3926710435867970E-005
  -1524.0000000000000        6.2222203936071360E-005
  -1520.0000000000000        7.1678767925622967E-005
  -1516.0000000000000        8.2439549971441192E-005
  -1512.0000000000000        9.4662251884790257E-005
  -1508.0000000000000        1.0852013612873599E-004
  -1504.0000000000000        1.2420302937049833E-004
  -1500.0000000000000        1.4191830947807291E-004
  -1496.0000000000000        1.6189186016614019E-004
  -1492.0000000000000        1.8436897531839351E-004
  -1488.0000000000000        2.0961519278151907E-004
  -1484.0000000000000        2.3791703517692301E-004
  -1480.0000000000000        2.6958263305341696E-004
  -1476.0000000000000        3.0494220355895219E-004
  -1472.0000000000000        3.4434835580082578E-004
  -1468.0000000000000        3.8817619225826210E-004
  -1464.0000000000000        4.3682317408235685E-004
  -1460.0000000000000        4.9070871694688626E-004
  -1456.0000000000000        5.5027348338569301E-004
  -1452.0000000000000        6.1597833735943129E-004
  -1448.0000000000000        6.8830292723112447E-004
  -1444.0000000000000        7.6774386449189581E-004
  -1440.0000000000000        8.5481246756064844E-004
  -1436.0000000000000        9.5003204287596684E-004
  -1432.0000000000000        1.0539346793900135E-003
  -1428.0000000000000        1.1670575375379148E-003
  -1424.0000000000000        1.2899386198537571E-003
  -1420.0000000000000        1.4231120176793699E-003
  -1416.0000000000000        1.5671026368867390E-003
  -1412.0000000000000        1.7224204152051534E-003
  -1408.0000000000000        1.8895540545752763E-003
  -1404.0000000000000        2.0689643038750956E-003
  -1400.0000000000000        2.2610768402693267E-003
  -1396.0000000000000        2.4662748111754554E-003
  -1392.0000000000000        2.6848911132208936E-003
  -1388.0000000000000        2.9172004993470702E-003
  -1384.0000000000000        3.1634116201096109E-003
  -1380.0000000000000        3.4236591198938860E-003
  -1376.0000000000000        3.6979959228333435E-003
  -1372.0000000000000        3.9863858562625455E-003
  -1368.0000000000000        4.2886967711027128E-003
  -1364.0000000000000        4.6046943281783251E-003
  -1360.0000000000000        4.9340366265967399E-003
  -1356.0000000000000        5.2762698544774984E-003
  -1352.0000000000000        5.6308251429899063E-003
  -1348.0000000000000        5.9970168013628779E-003
  -1344.0000000000000        6.3740421028289631E-003
  -1340.0000000000000        6.7609827789662192E-003
  -1336.0000000000000        7.1568083623015054E-003
  -1332.0000000000000        7.5603814941253870E-003
  -1328.0000000000000        7.9704652861498429E-003
  -1324.0000000000000        8.3857327909616277E-003
  -1320.0000000000000        8.8047785973833122E-003
  -1316.0000000000000        9.2261325232282382E-003
  -1312.0000000000000        9.6482753300715669E-003
  -1308.0000000000000        1.0069656333311581E-002
  -1304.0000000000000        1.0488712726894745E-002
  -1300.0000000000000        1.0903890386767964E-002
  -1296.0000000000000        1.1313665861705064E-002
  -1292.0000000000000        1.1716569206123484E-002
  -1288.0000000000000        1.2111207258472634E-002
  -1284.0000000000000        1.2496286922477383E-002
  -1280.0000000000000        1.2870637968747827E-002
  -1276.0000000000000        1.3233234842846123E-002
  -1272.0000000000000        1.3583216944609807E-002
  -1268.0000000000000        1.3919906834052160E-002
  -1264.0000000000000        1.4242825823029433E-002
  -1260.0000000000000        1.4551706430349563E-002
  -1256.0000000000000        1.4846501212107188E-002
  -1252.0000000000000        1.5127387529372557E-002
  -1248.0000000000000        1.5394767882111315E-002
  -1244.0000000000000        1.5649265521080303E-002
  -1240.0000000000000        1.5891715147556038E-002
  -1236.0000000000000        1.6123148622710623E-002
  -1232.0000000000000        1.6344775732226237E-002
  -1228.0000000000000        1.6557960184745740E-002
  -1224.0000000000000        1.6764191161823483E-002
  -1220.0000000000000        1.6965050878487684E-002
  -1216.0000000000000        1.7162178753213103E-002
  -1212.0000000000000        1.7357232919551002E-002
  -1208.0000000000000        1.7551849934132360E-002
  -1204.0000000000000        1.7747603642440352E-002
  -1200.0000000000000        1.7945964249865616E-002
  -1196.0000000000000        1.8148258706594551E-002
  -1192.0000000000000        1.8355633546735993E-002
  -1188.0000000000000        1.8569021321271043E-002
  -1184.0000000000000        1.8789111728230879E-002
  -1180.0000000000000        1.9016328470260493E-002
  -1176.0000000000000        1.9250812758821411E-002
  -1172.0000000000000        1.9492414236443257E-002
  -1168.0000000000000        1.9740689905680734E-002
  -1164.0000000000000        1.9994911439270756E-002
  -1160.0000000000000        2.0254081005298918E-002
  -1156.0000000000000        2.0516955480252768E-002
  -1152.0000000000000        2.0782078649196102E-002
  -1148.0000000000000        2.1047820714567407E-002
  -1144.0000000000000        2.1312424162771564E-002
  -1140.0000000000000        2.1574054780857908E-002
  -1136.0000000000000        2.1830856384447955E-002
  -1132.0000000000000        2.2081007622838923E-002
  -1128.0000000000000        2.2322779077450221E-002
  -1124.0000000000000        2.2554588774111886E-002
  -1120.0000000000000        2.2775054195302485E-002
  -1116.0000000000000        2.2983038910725048E-002
  -1112.0000000000000        2.3177692046765206E-002
  -1108.0000000000000        2.3358478988119755E-002
  -1104.0000000000000        2.3525201946216937E-002
  -1100.0000000000000        2.3678009334110618E-002
  -1096.0000000000000        2.3817393248573619E-002
  -1092.0000000000000        2.3944174766600289E-002
  -1088.0000000000000        2.4059477202353796E-002
  -1084.0000000000000        2.4164687926422138E-002
  -1080.0000000000000        2.4261409805009918E-002
  -1076.0000000000000        2.4351403754162407E-002
  -1072.0000000000000        2.4436524304609387E-002
  -1068.0000000000000        2.4518650417936300E-002
  -1064.0000000000000        2.4599614067293534E-002
  -1060.0000000000000        2.4681129280407551E-002
  -1056.0000000000000        2.4764724426732321E-002
  -1052.0000000000000        2.4851680505102568E-002
  -1048.0000000000000        2.4942978048347622E-002
  -1044.0000000000000        2.5039255006736833E-002
  -1040.0000000000000        2.5140777607609077E-002
  -1036.0000000000000        2.5247425723943527E-002
  -1032.0000000000000        2.5358693734815717E-002
  -1028.0000000000000        2.5473707245192368E-002
  -1024.0000000000000        2.5591255374946737E-002
  -1020.0000000000000        2.5709837654206039E-002
  -1016.0000000000000        2.5827723903254444E-002
  -1012.0000000000000        2.5943024860330906E-002
  -1008.0000000000000        2.6053770779540308E-002
  -1004.0000000000000        2.6157994781788683E-002
  -1000.0000000000000        2.6253817428963024E-002
  -996.00000000000000        2.6339528825811559E-002
  -992.00000000000000        2.6413664549572249E-002
  -988.00000000000000        2.6475071871979897E-002
  -984.00000000000000        2.6522963071818426E-002
  -980.00000000000000        2.6556953130589301E-002
  -976.00000000000000        2.6577079742895655E-002
  -972.00000000000000        2.6583804332729475E-002
  -968.00000000000000        2.6577993615875421E-002
  -964.00000000000000        2.6560882150041140E-002
  -960.00000000000000        2.6534017226650625E-002
  -956.00000000000000        2.6499188337463987E-002
  -952.00000000000000        2.6458344250834112E-002
  -948.00000000000000        2.6413501413734330E-002
  -944.00000000000000        2.6366647917995381E-002
  -940.00000000000000        2.6319647599990482E-002
  -936.00000000000000        2.6274148958090004E-002
  -932.00000000000000        2.6231503457217170E-002
  -928.00000000000000        2.6192697441668709E-002
  -924.00000000000000        2.6158301304739565E-002
  -920.00000000000000        2.6128438787454817E-002
  -916.00000000000000        2.6102778331191203E-002
  -912.00000000000000        2.6080547332940150E-002
  -908.00000000000000        2.6060568998791941E-002
  -904.00000000000000        2.6041320318567943E-002
  -900.00000000000000        2.6021008553533950E-002
  -896.00000000000000        2.5997662601241207E-002
  -892.00000000000000        2.5969234735226079E-002
  -888.00000000000000        2.5933707564640852E-002
  -884.00000000000000        2.5889200662500406E-002
  -880.00000000000000        2.5834071201400074E-002
  -876.00000000000000        2.5767003128074110E-002
  -872.00000000000000        2.5687079902709152E-002
  -868.00000000000000        2.5593836608475876E-002
  -864.00000000000000        2.5487288267669939E-002
  -860.00000000000000        2.5367932434241385E-002
  -856.00000000000000        2.5236725506126049E-002
  -852.00000000000000        2.5095033642230143E-002
  -848.00000000000000        2.4944560599172334E-002
  -844.00000000000000        2.4787256140687816E-002
  -840.00000000000000        2.4625209839026121E-002
  -836.00000000000000        2.4460536010816020E-002
  -832.00000000000000        2.4295256149310218E-002
  -828.00000000000000        2.4131185485734969E-002
  -824.00000000000000        2.3969830208497904E-002
  -820.00000000000000        2.3812301385125592E-002
  -816.00000000000000        2.3659250785076032E-002
  -812.00000000000000        2.3510832631076974E-002
  -808.00000000000000        2.3366693871988354E-002
  -804.00000000000000        2.3225993948727632E-002
  -800.00000000000000        2.3087453307614761E-002
  -796.00000000000000        2.2949428202419436E-002
  -792.00000000000000        2.2810007720252545E-002
  -788.00000000000000        2.2667127566894325E-002
  -784.00000000000000        2.2518694044455428E-002
  -780.00000000000000        2.2362710923412903E-002
  -776.00000000000000        2.2197401606575799E-002
  -772.00000000000000        2.2021319134373513E-002
  -768.00000000000000        2.1833437191703955E-002
  -764.00000000000000        2.1633216320692386E-002
  -760.00000000000000        2.1420640967598693E-002
  -756.00000000000000        2.1196224716921175E-002
  -752.00000000000000        2.0960982991401370E-002
  -748.00000000000000        2.0716374507478517E-002
  -744.00000000000000        2.0464214747353764E-002
  -740.00000000000000        2.0206566515708527E-002
  -736.00000000000000        1.9945614172692645E-002
  -732.00000000000000        1.9683529271248060E-002
  -728.00000000000000        1.9422335994297910E-002
  -724.00000000000000        1.9163784931886134E-002
  -720.00000000000000        1.8909243338411159E-002
  -716.00000000000000        1.8659609078796824E-002
  -712.00000000000000        1.8415254057894386E-002
  -708.00000000000000        1.8176001110559958E-002
  -704.00000000000000        1.7941136220186994E-002
  -700.00000000000000        1.7709455662600002E-002
  -696.00000000000000        1.7479345385812271E-002
  -692.00000000000000        1.7248887784664511E-002
  -688.00000000000000        1.7015989158116421E-002
  -684.00000000000000        1.6778519676273963E-002
  -680.00000000000000        1.6534456740197136E-002
  -676.00000000000000        1.6282022264226349E-002
  -672.00000000000000        1.6019804684085745E-002
  -668.00000000000000        1.5746857389030929E-002
  -664.00000000000000        1.5462766745209284E-002
  -660.00000000000000        1.5167684832455161E-002
  -656.00000000000000        1.4862324334989413E-002
  -652.00000000000000        1.4547915557234855E-002
  -648.00000000000000        1.4226128110432249E-002
  -644.00000000000000        1.3898962258266997E-002
  -640.00000000000000        1.3568617049738541E-002
  -636.00000000000000        1.3237344051525315E-002
  -632.00000000000000        1.2907296594875080E-002
  -628.00000000000000        1.2580384886013809E-002
  -624.00000000000000        1.2258147051445591E-002
  -620.00000000000000        1.1941645206451129E-002
  -616.00000000000000        1.1631394002395639E-002
  -612.00000000000000        1.1327326928912963E-002
  -608.00000000000000        1.1028803064212099E-002
  -604.00000000000000        1.0734654155820157E-002
  -600.00000000000000        1.0443269070026653E-002
  -596.00000000000000        1.0152709972502887E-002
  -592.00000000000000        9.8608522884967385E-003
  -588.00000000000000        9.5655387101122140E-003
  -584.00000000000000        9.2647364070853385E-003
  -580.00000000000000        8.9566862472639456E-003
  -576.00000000000000        8.6400332816543059E-003
  -572.00000000000000        8.3139289773066730E-003
  -568.00000000000000        7.9780976134291581E-003
  -564.00000000000000        7.6328617632614700E-003
  -560.00000000000000        7.2791246933649554E-003
  -556.00000000000000        6.9183106174242354E-003
  -552.00000000000000        6.5522668195447933E-003
  -548.00000000000000        6.1831344864212816E-003
  -544.00000000000000        5.8131974472533116E-003
  -540.00000000000000        5.4447197340245831E-003
  -536.00000000000000        5.0797838064185795E-003
  -532.00000000000000        4.7201413545012883E-003
  -528.00000000000000        4.3670877803714475E-003
  -524.00000000000000        4.0213698145929403E-003
  -520.00000000000000        3.6831333547727029E-003
  -516.00000000000000        3.3519156885177242E-003
  -512.00000000000000        3.0266829921435342E-003
  -508.00000000000000        2.7059106203664554E-003
  -504.00000000000000        2.3877004731372386E-003
  -500.00000000000000        2.0699268891202220E-003
  -496.00000000000000        1.7504002907037220E-003
  -492.00000000000000        1.4270363695489923E-003
  -488.00000000000000        1.0980180740973000E-003
  -484.00000000000000        7.6193809339755074E-004
  -480.00000000000000        4.1791090483008620E-004
  -476.00000000000000        6.5645674298609000E-005
  -472.00000000000000       -2.9452579262062269E-004
  -468.00000000000000       -6.6166846540012569E-004
  -464.00000000000000       -1.0343096804026940E-003
  -460.00000000000000       -1.4105461692581771E-003
  -456.00000000000000       -1.7881845595871828E-003
  -452.00000000000000       -2.1649047415503485E-003
  -448.00000000000000       -2.5384336442122440E-003
  -444.00000000000000       -2.9067160620225639E-003
  -440.00000000000000       -3.2680692953089021E-003
  -436.00000000000000       -3.6213095220348547E-003
  -432.00000000000000       -3.9658399232750533E-003
  -428.00000000000000       -4.3016934884144899E-003
  -424.00000000000000       -4.6295269098600772E-003
  -420.00000000000000       -4.9505657744665236E-003
  -416.00000000000000       -5.2665050751667594E-003
  -412.00000000000000       -5.5793726014016672E-003
  -408.00000000000000       -5.8913657391692310E-003
  -404.00000000000000       -6.2046743801215786E-003
  -400.00000000000000       -6.5213038240478829E-003
  -396.00000000000000       -6.8429116560481422E-003
  -392.00000000000000       -7.1706715696873849E-003
  -388.00000000000000       -7.5051750592878743E-003
  -384.00000000000000       -7.8463789707404353E-003
  -380.00000000000000       -8.1936033058081347E-003
  -376.00000000000000       -8.5455797003410033E-003
  -372.00000000000000       -8.9005469562992226E-003
  -368.00000000000000       -9.2563862240462400E-003
  -364.00000000000000       -9.6107852110530675E-003
  -360.00000000000000       -9.9614184000620561E-003
  -356.00000000000000       -1.0306128894230167E-002
  -352.00000000000000       -1.0643097288370975E-002
  -348.00000000000000       -1.0970983922259476E-002
  -344.00000000000000       -1.1289032937322887E-002
  -340.00000000000000       -1.1597129574628615E-002
  -336.00000000000000       -1.1895805883760721E-002
  -332.00000000000000       -1.2186194162278072E-002
  -328.00000000000000       -1.2469931680252202E-002
  -324.00000000000000       -1.2749024219953166E-002
  -320.00000000000000       -1.3025679350933106E-002
  -316.00000000000000       -1.3302122884080739E-002
  -312.00000000000000       -1.3580413391458129E-002
  -308.00000000000000       -1.3862269915141216E-002
  -304.00000000000000       -1.4148926988945546E-002
  -300.00000000000000       -1.4441028934137156E-002
  -296.00000000000000       -1.4738572232642319E-002
  -292.00000000000000       -1.5040900880920652E-002
  -288.00000000000000       -1.5346755300040532E-002
  -284.00000000000000       -1.5654370976067197E-002
  -280.00000000000000       -1.5961618892242749E-002
  -276.00000000000000       -1.6266176332360271E-002
  -272.00000000000000       -1.6565714075596569E-002
  -268.00000000000000       -1.6858084585137881E-002
  -264.00000000000000       -1.7141495641533583E-002
  -260.00000000000000       -1.7414655007949354E-002
  -256.00000000000000       -1.7676874052561249E-002
  -252.00000000000000       -1.7928121606724520E-002
  -248.00000000000000       -1.8169023433745244E-002
  -244.00000000000000       -1.8400807185572507E-002
  -240.00000000000000       -1.8625197260620528E-002
  -236.00000000000000       -1.8844268166853688E-002
  -232.00000000000000       -1.9060268488029587E-002
  -228.00000000000000       -1.9275430051319049E-002
  -224.00000000000000       -1.9491778186356973E-002
  -220.00000000000000       -1.9710958933992596E-002
  -216.00000000000000       -1.9934097702826826E-002
  -212.00000000000000       -2.0161701289863034E-002
  -208.00000000000000       -2.0393611588477356E-002
  -204.00000000000000       -2.0629014999094548E-002
  -200.00000000000000       -2.0866506894117072E-002
  -196.00000000000000       -2.1104205859656930E-002
  -192.00000000000000       -2.1339908232684602E-002
  -188.00000000000000       -2.1571270029940429E-002
  -184.00000000000000       -2.1796001016925453E-002
  -180.00000000000000       -2.2012054594877054E-002
  -176.00000000000000       -2.2217797487212441E-002
  -172.00000000000000       -2.2412144865033949E-002
  -168.00000000000000       -2.2594649429605453E-002
  -164.00000000000000       -2.2765536829748675E-002
  -160.00000000000000       -2.2925684310908242E-002
  -156.00000000000000       -2.3076544289727420E-002
  -152.00000000000000       -2.3220019217438194E-002
  -148.00000000000000       -2.3358298240237774E-002
  -144.00000000000000       -2.3493669430953455E-002
  -140.00000000000000       -2.3628323472755727E-002
  -136.00000000000000       -2.3764165439073007E-002
  -132.00000000000000       -2.3902650664444875E-002
  -128.00000000000000       -2.4044658689230520E-002
  -124.00000000000000       -2.4190416053658903E-002
  -120.00000000000000       -2.4339474583132761E-002
  -116.00000000000000       -2.4490747096512441E-002
  -112.00000000000000       -2.4642597582372139E-002
  -108.00000000000000       -2.4792978241497558E-002
  -104.00000000000000       -2.4939601784649240E-002
  -100.00000000000000       -2.5080134347120076E-002
  -96.000000000000000       -2.5212392597246461E-002
  -92.000000000000000       -2.5334528230581081E-002
  -88.000000000000000       -2.5445184091380368E-002
  -84.000000000000000       -2.5543608562046436E-002
  -80.000000000000000       -2.5629718407005952E-002
  -76.000000000000000       -2.5704104649197635E-002
  -72.000000000000000       -2.5767980920575261E-002
  -68.000000000000000       -2.5823078647167253E-002
  -64.000000000000000       -2.5871497982854860E-002
  -60.000000000000000       -2.5915527203156881E-002
  -56.000000000000000       -2.5957445984061973E-002
  -52.000000000000000       -2.5999329386804316E-002
  -48.000000000000000       -2.6042869325630647E-002
  -44.000000000000000       -2.6089228813683960E-002
  -40.000000000000000       -2.6138941487292833E-002
  -36.000000000000000       -2.6191865039367490E-002
  -32.000000000000000       -2.6247192579119186E-002
  -28.000000000000000       -2.6303520973181307E-002
  -24.000000000000000       -2.6358970338110101E-002
  -20.000000000000000       -2.6411344465739135E-002
  -16.000000000000000       -2.6458318448244689E-002
  -12.000000000000000       -2.6497637431553284E-002
  -8.0000000000000000       -2.6527309465482124E-002
  -4.0000000000000000       -2.6545775919994536E-002
   0.0000000000000000       -2.6552044856815643E-002
   4.0000000000000000       -2.6545775919994536E-002
   8.0000000000000000       -2.6527309465482152E-002
   12.000000000000000       -2.6497637431553298E-002
   16.000000000000000       -2.6458318448244724E-002
   20.000000000000000       -2.6411344465739176E-002
   24.000000000000000       -2.6358970338110143E-002
   28.000000000000000       -2.6303520973181362E-002
   32.000000000000000       -2.6247192579119241E-002
   36.000000000000000       -2.6191865039367559E-002
   40.000000000000000       -2.6138941487292896E-002
   44.000000000000000       -2.6089228813684022E-002
   48.000000000000000       -2.6042869325630717E-002
   52.000000000000000       -2.5999329386804371E-002
   56.000000000000000       -2.5957445984062050E-002
   60.000000000000000       -2.5915527203156943E-002
   64.000000000000000       -2.5871497982854930E-002
   68.000000000000000       -2.5823078647167336E-002
   72.000000000000000       -2.5767980920575344E-002
   76.000000000000000       -2.5704104649197711E-002
   80.000000000000000       -2.5629718407006043E-002
   84.000000000000000       -2.5543608562046526E-002
   88.000000000000000       -2.5445184091380472E-002
   92.000000000000000       -2.5334528230581185E-002
   96.000000000000000       -2.5212392597246579E-002
   100.00000000000000       -2.5080134347120180E-002
   104.00000000000000       -2.4939601784649372E-002
   108.00000000000000       -2.4792978241497683E-002
   112.00000000000000       -2.4642597582372264E-002
   116.00000000000000       -2.4490747096512586E-002
   120.00000000000000       -2.4339474583132899E-002
   124.00000000000000       -2.4190416053659021E-002
   128.00000000000000       -2.4044658689230645E-002
   132.00000000000000       -2.3902650664445021E-002
   136.00000000000000       -2.3764165439073132E-002
   140.00000000000000       -2.3628323472755852E-002
   144.00000000000000       -2.3493669430953573E-002
   148.00000000000000       -2.3358298240237906E-002
   152.00000000000000       -2.3220019217438319E-002
   156.00000000000000       -2.3076544289727552E-002
   160.00000000000000       -2.2925684310908360E-002
   164.00000000000000       -2.2765536829748807E-002
   168.00000000000000       -2.2594649429605599E-002
   172.00000000000000       -2.2412144865034095E-002
   176.00000000000000       -2.2217797487212587E-002
   180.00000000000000       -2.2012054594877206E-002
   184.00000000000000       -2.1796001016925626E-002
   188.00000000000000       -2.1571270029940630E-002
   192.00000000000000       -2.1339908232684768E-002
   196.00000000000000       -2.1104205859657110E-002
   200.00000000000000       -2.0866506894117273E-002
   204.00000000000000       -2.0629014999094763E-002
   208.00000000000000       -2.0393611588477585E-002
   212.00000000000000       -2.0161701289863235E-002
   216.00000000000000       -1.9934097702827048E-002
   220.00000000000000       -1.9710958933992804E-002
   224.00000000000000       -1.9491778186357181E-002
   228.00000000000000       -1.9275430051319271E-002
   232.00000000000000       -1.9060268488029823E-002
   236.00000000000000       -1.8844268166853903E-002
   240.00000000000000       -1.8625197260620736E-002
   244.00000000000000       -1.8400807185572701E-002
   248.00000000000000       -1.8169023433745445E-002
   252.00000000000000       -1.7928121606724749E-002
   256.00000000000000       -1.7676874052561461E-002
   260.00000000000000       -1.7414655007949569E-002
   264.00000000000000       -1.7141495641533805E-002
   268.00000000000000       -1.6858084585138117E-002
   272.00000000000000       -1.6565714075596798E-002
   276.00000000000000       -1.6266176332360521E-002
   280.00000000000000       -1.5961618892243006E-002
   284.00000000000000       -1.5654370976067450E-002
   288.00000000000000       -1.5346755300040793E-002
   292.00000000000000       -1.5040900880920912E-002
   296.00000000000000       -1.4738572232642579E-002
   300.00000000000000       -1.4441028934137448E-002
   304.00000000000000       -1.4148926988945820E-002
   308.00000000000000       -1.3862269915141501E-002
   312.00000000000000       -1.3580413391458417E-002
   316.00000000000000       -1.3302122884081013E-002
   320.00000000000000       -1.3025679350933373E-002
   324.00000000000000       -1.2749024219953444E-002
   328.00000000000000       -1.2469931680252486E-002
   332.00000000000000       -1.2186194162278350E-002
   336.00000000000000       -1.1895805883761016E-002
   340.00000000000000       -1.1597129574628906E-002
   344.00000000000000       -1.1289032937323175E-002
   348.00000000000000       -1.0970983922259767E-002
   352.00000000000000       -1.0643097288371274E-002
   356.00000000000000       -1.0306128894230462E-002
   360.00000000000000       -9.9614184000623614E-003
   364.00000000000000       -9.6107852110533729E-003
   368.00000000000000       -9.2563862240465575E-003
   372.00000000000000       -8.9005469562995435E-003
   376.00000000000000       -8.5455797003413190E-003
   380.00000000000000       -8.1936033058084556E-003
   384.00000000000000       -7.8463789707407701E-003
   388.00000000000000       -7.5051750592881970E-003
   392.00000000000000       -7.1706715696877076E-003
   396.00000000000000       -6.8429116560484666E-003
   400.00000000000000       -6.5213038240482021E-003
   404.00000000000000       -6.2046743801218926E-003
   408.00000000000000       -5.8913657391695415E-003
   412.00000000000000       -5.5793726014019725E-003
   416.00000000000000       -5.2665050751670647E-003
   420.00000000000000       -4.9505657744668219E-003
   424.00000000000000       -4.6295269098603669E-003
   428.00000000000000       -4.3016934884147831E-003
   432.00000000000000       -3.9658399232753430E-003
   436.00000000000000       -3.6213095220351374E-003
   440.00000000000000       -3.2680692953091866E-003
   444.00000000000000       -2.9067160620228467E-003
   448.00000000000000       -2.5384336442125267E-003
   452.00000000000000       -2.1649047415506326E-003
   456.00000000000000       -1.7881845595874668E-003
   460.00000000000000       -1.4105461692584672E-003
   464.00000000000000       -1.0343096804029857E-003
   468.00000000000000       -6.6166846540041929E-004
   472.00000000000000       -2.9452579262091879E-004
   476.00000000000000        6.5645674298306887E-005
   480.00000000000000        4.1791090482978398E-004
   484.00000000000000        7.6193809339724738E-004
   488.00000000000000        1.0980180740969921E-003
   492.00000000000000        1.4270363695486866E-003
   496.00000000000000        1.7504002907034149E-003
   500.00000000000000        2.0699268891199180E-003
   504.00000000000000        2.3877004731369311E-003
   508.00000000000000        2.7059106203661501E-003
   512.00000000000000        3.0266829921432384E-003
   516.00000000000000        3.3519156885174267E-003
   520.00000000000000        3.6831333547724097E-003
   524.00000000000000        4.0213698145926419E-003
   528.00000000000000        4.3670877803711518E-003
   532.00000000000000        4.7201413545009917E-003
   536.00000000000000        5.0797838064182846E-003
   540.00000000000000        5.4447197340242778E-003
   544.00000000000000        5.8131974472530080E-003
   548.00000000000000        6.1831344864209745E-003
   552.00000000000000        6.5522668195444828E-003
   556.00000000000000        6.9183106174239353E-003
   560.00000000000000        7.2791246933646397E-003
   564.00000000000000        7.6328617632611543E-003
   568.00000000000000        7.9780976134288424E-003
   572.00000000000000        8.3139289773063504E-003
   576.00000000000000        8.6400332816539815E-003
   580.00000000000000        8.9566862472636177E-003
   584.00000000000000        9.2647364070850158E-003
   588.00000000000000        9.5655387101119017E-003
   592.00000000000000        9.8608522884964158E-003
   596.00000000000000        1.0152709972502581E-002
   600.00000000000000        1.0443269070026354E-002
   604.00000000000000        1.0734654155819869E-002
   608.00000000000000        1.1028803064211818E-002
   612.00000000000000        1.1327326928912688E-002
   616.00000000000000        1.1631394002395368E-002
   620.00000000000000        1.1941645206450855E-002
   624.00000000000000        1.2258147051445342E-002
   628.00000000000000        1.2580384886013563E-002
   632.00000000000000        1.2907296594874837E-002
   636.00000000000000        1.3237344051525083E-002
   640.00000000000000        1.3568617049738312E-002
   644.00000000000000        1.3898962258266768E-002
   648.00000000000000        1.4226128110432021E-002
   652.00000000000000        1.4547915557234630E-002
   656.00000000000000        1.4862324334989187E-002
   660.00000000000000        1.5167684832454939E-002
   664.00000000000000        1.5462766745209055E-002
   668.00000000000000        1.5746857389030713E-002
   672.00000000000000        1.6019804684085509E-002
   676.00000000000000        1.6282022264226131E-002
   680.00000000000000        1.6534456740196914E-002
   684.00000000000000        1.6778519676273741E-002
   688.00000000000000        1.7015989158116192E-002
   692.00000000000000        1.7248887784664272E-002
   696.00000000000000        1.7479345385812049E-002
   700.00000000000000        1.7709455662599780E-002
   704.00000000000000        1.7941136220186785E-002
   708.00000000000000        1.8176001110559739E-002
   712.00000000000000        1.8415254057894178E-002
   716.00000000000000        1.8659609078796616E-002
   720.00000000000000        1.8909243338410958E-002
   724.00000000000000        1.9163784931885940E-002
   728.00000000000000        1.9422335994297716E-002
   732.00000000000000        1.9683529271247894E-002
   736.00000000000000        1.9945614172692444E-002
   740.00000000000000        2.0206566515708339E-002
   744.00000000000000        2.0464214747353590E-002
   748.00000000000000        2.0716374507478343E-002
   752.00000000000000        2.0960982991401218E-002
   756.00000000000000        2.1196224716920994E-002
   760.00000000000000        2.1420640967598520E-002
   764.00000000000000        2.1633216320692213E-002
   768.00000000000000        2.1833437191703782E-002
   772.00000000000000        2.2021319134373340E-002
   776.00000000000000        2.2197401606575632E-002
   780.00000000000000        2.2362710923412736E-002
   784.00000000000000        2.2518694044455247E-002
   788.00000000000000        2.2667127566894148E-002
   792.00000000000000        2.2810007720252372E-002
   796.00000000000000        2.2949428202419263E-002
   800.00000000000000        2.3087453307614587E-002
   804.00000000000000        2.3225993948727472E-002
   808.00000000000000        2.3366693871988187E-002
   812.00000000000000        2.3510832631076801E-002
   816.00000000000000        2.3659250785075865E-002
   820.00000000000000        2.3812301385125433E-002
   824.00000000000000        2.3969830208497751E-002
   828.00000000000000        2.4131185485734816E-002
   832.00000000000000        2.4295256149310093E-002
   836.00000000000000        2.4460536010815881E-002
   840.00000000000000        2.4625209839025990E-002
   844.00000000000000        2.4787256140687705E-002
   848.00000000000000        2.4944560599172230E-002
   852.00000000000000        2.5095033642230032E-002
   856.00000000000000        2.5236725506125952E-002
   860.00000000000000        2.5367932434241288E-002
   864.00000000000000        2.5487288267669841E-002
   868.00000000000000        2.5593836608475792E-002
   872.00000000000000        2.5687079902709069E-002
   876.00000000000000        2.5767003128074034E-002
   880.00000000000000        2.5834071201400018E-002
   884.00000000000000        2.5889200662500344E-002
   888.00000000000000        2.5933707564640810E-002
   892.00000000000000        2.5969234735226037E-002
   896.00000000000000        2.5997662601241180E-002
   900.00000000000000        2.6021008553533922E-002
   904.00000000000000        2.6041320318567908E-002
   908.00000000000000        2.6060568998791913E-002
   912.00000000000000        2.6080547332940136E-002
   916.00000000000000        2.6102778331191189E-002
   920.00000000000000        2.6128438787454810E-002
   924.00000000000000        2.6158301304739558E-002
   928.00000000000000        2.6192697441668703E-002
   932.00000000000000        2.6231503457217170E-002
   936.00000000000000        2.6274148958090004E-002
   940.00000000000000        2.6319647599990476E-002
   944.00000000000000        2.6366647917995381E-002
   948.00000000000000        2.6413501413734324E-002
   952.00000000000000        2.6458344250834112E-002
   956.00000000000000        2.6499188337463980E-002
   960.00000000000000        2.6534017226650611E-002
   964.00000000000000        2.6560882150041126E-002
   968.00000000000000        2.6577993615875421E-002
   972.00000000000000        2.6583804332729468E-002
   976.00000000000000        2.6577079742895648E-002
   980.00000000000000        2.6556953130589287E-002
   984.00000000000000        2.6522963071818399E-002
   988.00000000000000        2.6475071871979877E-002
   992.00000000000000        2.6413664549572228E-002
   996.00000000000000        2.6339528825811552E-002
   1000.0000000000000        2.6253817428962996E-002
   1004.0000000000000        2.6157994781788676E-002
   1008.0000000000000        2.6053770779540294E-002
   1012.0000000000000        2.5943024860330892E-002
   1016.0000000000000        2.5827723903254430E-002
   1020.0000000000000        2.5709837654206012E-002
   1024.0000000000000        2.5591255374946723E-002
   1028.0000000000000        2.5473707245192368E-002
   1032.0000000000000        2.5358693734815710E-002
   1036.0000000000000        2.5247425723943527E-002
   1040.0000000000000        2.5140777607609084E-002
   1044.0000000000000        2.5039255006736840E-002
   1048.0000000000000        2.4942978048347636E-002
   1052.0000000000000        2.4851680505102596E-002
   1056.0000000000000        2.4764724426732360E-002
   1060.0000000000000        2.4681129280407586E-002
   1064.0000000000000        2.4599614067293569E-002
   1068.0000000000000        2.4518650417936348E-002
   1072.0000000000000        2.4436524304609429E-002
   1076.0000000000000        2.4351403754162469E-002
   1080.0000000000000        2.4261409805009980E-002
   1084.0000000000000        2.4164687926422221E-002
   1088.0000000000000        2.4059477202353872E-002
   1092.0000000000000        2.3944174766600372E-002
   1096.0000000000000        2.3817393248573709E-002
   1100.0000000000000        2.3678009334110708E-002
   1104.0000000000000        2.3525201946217038E-002
   1108.0000000000000        2.3358478988119852E-002
   1112.0000000000000        2.3177692046765317E-002
   1116.0000000000000        2.2983038910725152E-002
   1120.0000000000000        2.2775054195302596E-002
   1124.0000000000000        2.2554588774111997E-002
   1128.0000000000000        2.2322779077450339E-002
   1132.0000000000000        2.2081007622839034E-002
   1136.0000000000000        2.1830856384448077E-002
   1140.0000000000000        2.1574054780858019E-002
   1144.0000000000000        2.1312424162771695E-002
   1148.0000000000000        2.1047820714567539E-002
   1152.0000000000000        2.0782078649196227E-002
   1156.0000000000000        2.0516955480252900E-002
   1160.0000000000000        2.0254081005299057E-002
   1164.0000000000000        1.9994911439270877E-002
   1168.0000000000000        1.9740689905680862E-002
   1172.0000000000000        1.9492414236443389E-002
   1176.0000000000000        1.9250812758821546E-002
   1180.0000000000000        1.9016328470260625E-002
   1184.0000000000000        1.8789111728231014E-002
   1188.0000000000000        1.8569021321271178E-002
   1192.0000000000000        1.8355633546736128E-002
   1196.0000000000000        1.8148258706594683E-002
   1200.0000000000000        1.7945964249865765E-002
   1204.0000000000000        1.7747603642440497E-002
   1208.0000000000000        1.7551849934132498E-002
   1212.0000000000000        1.7357232919551147E-002
   1216.0000000000000        1.7162178753213242E-002
   1220.0000000000000        1.6965050878487837E-002
   1224.0000000000000        1.6764191161823625E-002
   1228.0000000000000        1.6557960184745878E-002
   1232.0000000000000        1.6344775732226376E-002
   1236.0000000000000        1.6123148622710762E-002
   1240.0000000000000        1.5891715147556169E-002
   1244.0000000000000        1.5649265521080442E-002
   1248.0000000000000        1.5394767882111447E-002
   1252.0000000000000        1.5127387529372689E-002
   1256.0000000000000        1.4846501212107316E-002
   1260.0000000000000        1.4551706430349684E-002
   1264.0000000000000        1.4242825823029551E-002
   1268.0000000000000        1.3919906834052276E-002
   1272.0000000000000        1.3583216944609924E-002
   1276.0000000000000        1.3233234842846232E-002
   1280.0000000000000        1.2870637968747935E-002
   1284.0000000000000        1.2496286922477484E-002
   1288.0000000000000        1.2111207258472732E-002
   1292.0000000000000        1.1716569206123581E-002
   1296.0000000000000        1.1313665861705157E-002
   1300.0000000000000        1.0903890386768060E-002
   1304.0000000000000        1.0488712726894833E-002
   1308.0000000000000        1.0069656333311668E-002
   1312.0000000000000        9.6482753300716467E-003
   1316.0000000000000        9.2261325232283146E-003
   1320.0000000000000        8.8047785973833850E-003
   1324.0000000000000        8.3857327909616954E-003
   1328.0000000000000        7.9704652861499071E-003
   1332.0000000000000        7.5603814941254477E-003
   1336.0000000000000        7.1568083623015609E-003
   1340.0000000000000        6.7609827789662713E-003
   1344.0000000000000        6.3740421028290143E-003
   1348.0000000000000        5.9970168013629239E-003
   1352.0000000000000        5.6308251429899496E-003
   1356.0000000000000        5.2762698544775392E-003
   1360.0000000000000        4.9340366265967772E-003
   1364.0000000000000        4.6046943281783598E-003
   1368.0000000000000        4.2886967711027440E-003
   1372.0000000000000        3.9863858562625741E-003
   1376.0000000000000        3.6979959228333708E-003
   1380.0000000000000        3.4236591198939120E-003
   1384.0000000000000        3.1634116201096339E-003
   1388.0000000000000        2.9172004993470919E-003
   1392.0000000000000        2.6848911132209118E-003
   1396.0000000000000        2.4662748111754723E-003
   1400.0000000000000        2.2610768402693423E-003
   1404.0000000000000        2.0689643038751104E-003
   1408.0000000000000        1.8895540545752895E-003
   1412.0000000000000        1.7224204152051649E-003
   1416.0000000000000        1.5671026368867496E-003
   1420.0000000000000        1.4231120176793799E-003
   1424.0000000000000        1.2899386198537658E-003
   1428.0000000000000        1.1670575375379226E-003
   1432.0000000000000        1.0539346793900202E-003
   1436.0000000000000        9.5003204287597313E-004
   1440.0000000000000        8.5481246756065408E-004
   1444.0000000000000        7.6774386449190068E-004
   1448.0000000000000        6.8830292723112880E-004
   1452.0000000000000        6.1597833735943530E-004
   1456.0000000000000        5.5027348338569648E-004
   1460.0000000000000        4.9070871694688941E-004
   1464.0000000000000        4.3682317408235956E-004
   1468.0000000000000        3.8817619225826449E-004
   1472.0000000000000        3.4434835580082795E-004
   1476.0000000000000        3.0494220355895408E-004
   1480.0000000000000        2.6958263305341859E-004
   1484.0000000000000        2.3791703517692445E-004
   1488.0000000000000        2.0961519278152031E-004
   1492.0000000000000        1.8436897531839459E-004
   1496.0000000000000        1.6189186016614117E-004
   1500.0000000000000        1.4191830947807375E-004
   1504.0000000000000        1.2420302937049904E-004
   1508.0000000000000        1.0852013612873664E-004
   1512.0000000000000        9.4662251884790785E-005
   1516.0000000000000        8.2439549971441667E-005
   1520.0000000000000        7.1678767925623373E-005
   1524.0000000000000        6.2222203936071685E-005
   1528.0000000000000        5.3926710435868281E-005
   1532.0000000000000        4.6662696553211501E-005
   1536.0000000000000        4.0313149270901417E-005
   1540.0000000000000        3.4772681419165660E-005
   1544.0000000000000        2.9946613045198211E-005
   1548.0000000000000        2.5750091269995694E-005
   1552.0000000000000        2.2107252459044925E-005
   1556.0000000000000        1.8950429395714006E-005
   1560.0000000000000        1.6219405150014000E-005
   1564.0000000000000        1.3860714474124340E-005
   1568.0000000000000        1.1826992821755328E-005
   1572.0000000000000        1.0076372472077422E-005
   1576.0000000000000        8.5719247310141083E-006
   1580.0000000000000        7.2811467732494705E-006
   1584.0000000000000        6.1754913673640337E-006
   1588.0000000000000        5.2299374842257501E-006
   1592.0000000000000        4.4225996155878093E-006
   1596.0000000000000        3.7343735166636540E-006
   1600.0000000000000        3.1486160246999214E-006
   1604.0000000000000        2.6508565872785236E-006
   1608.0000000000000        2.2285381519397466E-006
   1612.0000000000000        1.8707851160881532E-006
   1616.0000000000000        1.5681961070599585E-006
   1620.0000000000000        1.3126594514046032E-006
   1624.0000000000000        1.0971892952108907E-006
   1628.0000000000000        9.1578044965871031E-007
   1632.0000000000000        7.6328015444308248E-007
   1636.0000000000000        6.3527507336904058E-007
   1640.0000000000000        5.2799195882171652E-007
   1644.0000000000000        4.3821054297502154E-007
   1648.0000000000000        3.6318733191617489E-007
   1652.0000000000000        3.0058909307805997E-007
   1656.0000000000000        2.4843493553998691E-007
   1660.0000000000000        2.0504598619714602E-007
   1664.0000000000000        1.6900176205148891E-007
   1668.0000000000000        1.3910242967468355E-007
   1672.0000000000000        1.1433622712717160E-007
   1676.0000000000000        9.3851401305085726E-008
   1680.0000000000000        7.6932084951409407E-008
   1684.0000000000000        6.2977602611927513E-008
   1688.0000000000000        5.1484753904155385E-008
   1692.0000000000000        4.2032675906577579E-008
   1696.0000000000000        3.4269934603947806E-008
   1700.0000000000000        2.7903538497771985E-008
   1704.0000000000000        2.2689606073117601E-008
   1708.0000000000000        1.8425453167180742E-008
   1712.0000000000000        1.4942896768866907E-008
   1716.0000000000000        1.2102598738006739E-008
   1720.0000000000000        9.7892966987208374E-009
   1724.0000000000000        7.9077902472513091E-009
   1728.0000000000000        6.3795689143364510E-009
   1732.0000000000000        5.1399843095311001E-009
   1736.0000000000000        4.1358828026115751E-009
   1740.0000000000000        3.3236271974075030E-009
   1744.0000000000000        2.6674463378158951E-009
   1748.0000000000000        2.1380606464924462E-009
   1752.0000000000000        1.7115394072075786E-009
   1756.0000000000000        1.3683523179013937E-009
   1760.0000000000000        1.0925836024002720E-009
   1764.0000000000000        8.7128189864852884E-010
   1768.0000000000000        6.9392335020739564E-010
   1772.0000000000000        5.5196891290494479E-010
   1776.0000000000000        4.3849993547388263E-010
   1780.0000000000000        3.4791865686500626E-010
   1784.0000000000000        2.7570244930698151E-010
   1788.0000000000000        2.1820248229314247E-010
   1792.0000000000000        1.7247903819709060E-010
   1796.0000000000000        1.3616701818069453E-010
   1800.0000000000000        1.0736627461717235E-010
   1804.0000000000000        8.4552325403880575E-011
   1808.0000000000000        6.6503773757301987E-011
   1812.0000000000000        5.2243397895818161E-011
   1816.0000000000000        4.0990408520389452E-011
   1820.0000000000000        3.2121815321521836E-011
   1824.0000000000000        2.5141211423678915E-011
   1828.0000000000000        1.9653589061617668E-011
   1832.0000000000000        1.5345051300017397E-011
   1836.0000000000000        1.1966492061381502E-011
   1840.0000000000000        9.3204875283059511E-012
   1844.0000000000000        7.2507823594172712E-012
   1848.0000000000000        5.6338693203168759E-012
   1852.0000000000000        4.3722552442773996E-012
   1856.0000000000000        3.3890833426368129E-012
   1860.0000000000000        2.6238448132697802E-012
   1864.0000000000000        2.0289639662945216E-012
   1868.0000000000000        1.5670827883710190E-012
   1872.0000000000000        1.2089047295512733E-012
   1876.0000000000000        9.3148494776088187E-013
   1880.0000000000000        7.1687646291230445E-013
   1884.0000000000000        5.5105962401414648E-013
   1888.0000000000000        4.2309677389537202E-013
   1892.0000000000000        3.2446565930102514E-013
   1896.0000000000000        2.4853451254674730E-013
   1900.0000000000000        1.9014926023443569E-013
   1904.0000000000000        1.4530934979354199E-013
   1908.0000000000000        1.1091351471970960E-013
   1912.0000000000000        8.4560658979902509E-014
   1916.0000000000000        6.4394120382974899E-014
   1920.0000000000000        4.8980025749083135E-014
   1924.0000000000000        3.7212401851895773E-014
   1928.0000000000000        2.8239255690898826E-014
   1932.0000000000000        2.1405066466962249E-014
   1936.0000000000000        1.6206104623375014E-014
   1940.0000000000000        1.2255762590608345E-014
   1944.0000000000000        9.2576891868267890E-015
   1948.0000000000000        6.9849983713402968E-015
   1952.0000000000000        5.2641998902640781E-015
   1956.0000000000000        3.9627955512922903E-015
   1960.0000000000000        2.9797173384094473E-015
   1964.0000000000000        2.2379657741139474E-015
   1968.0000000000000        1.6789495250232563E-015
   1972.0000000000000        1.2581386780053350E-015
   1976.0000000000000        9.4173107273286447E-016
   1980.0000000000000        7.0409884155877579E-016
   1984.0000000000000        5.2583504108548245E-016
   1988.0000000000000        3.9226123857828634E-016
   1992.0000000000000        2.9228871628969587E-016
   1996.0000000000000        2.1755059956363764E-016
   2000.0000000000000        1.6174128472999939E-016
