  -2000.0000000000000       -2.3156402046660731E-016
  -1996.0000000000000       -3.1148156955193928E-016
  -1992.0000000000000       -4.1851027489374534E-016
  -1988.0000000000000       -5.6168341972810515E-016
  -1984.0000000000000       -7.5298789745982580E-016
  -1980.0000000000000       -1.0083109786387637E-015
  -1976.0000000000000       -1.3486842670278305E-015
  -1972.0000000000000       -1.8019160822258111E-015
  -1968.0000000000000       -2.4047308610548007E-015
  -1964.0000000000000       -3.2055695207518931E-015
  -1960.0000000000000       -4.2682503481826221E-015
  -1956.0000000000000       -5.6767487729919672E-015
  -1952.0000000000000       -7.5414300466755097E-015
  -1948.0000000000000       -1.0007166088566618E-014
  -1944.0000000000000       -1.3263892549926303E-014
  -1940.0000000000000       -1.7560322068723652E-014
  -1936.0000000000000       -2.3221734339687751E-014
  -1932.0000000000000       -3.0673025144644357E-014
  -1928.0000000000000       -4.0468530200605141E-014
  -1924.0000000000000       -5.3330564902648478E-014
  -1920.0000000000000       -7.0199162072932860E-014
  -1916.0000000000000       -9.2296177218253840E-014
  -1912.0000000000000       -1.2120780285974474E-013
  -1908.0000000000000       -1.5899063821450555E-013
  -1904.0000000000000       -2.0830785787897886E-013
  -1900.0000000000000       -2.7260378808612571E-013
  -1896.0000000000000       -3.5632742492468434E-013
  -1892.0000000000000       -4.6521823175226221E-013
  -1888.0000000000000       -6.0667107714992642E-013
  -1884.0000000000000       -7.9020159901247137E-013
  -1880.0000000000000       -1.0280388261408588E-012
  -1876.0000000000000       -1.3358788295754131E-012
  -1872.0000000000000       -1.7338418493408351E-012
  -1868.0000000000000       -2.2476861637941664E-012
  -1864.0000000000000       -2.9103454491197726E-012
  -1860.0000000000000       -3.7638731423483386E-012
  -1856.0000000000000       -4.8618981400401851E-012
  -1852.0000000000000       -6.2727219746280223E-012
  -1848.0000000000000       -8.0832195560638738E-012
  -1844.0000000000000       -1.0403745041948925E-011
  -1840.0000000000000       -1.3374293099310113E-011
  -1836.0000000000000       -1.7172225801439736E-011
  -1832.0000000000000       -2.2021949152961288E-011
  -1828.0000000000000       -2.8207013763510440E-011
  -1824.0000000000000       -3.6085225122721838E-011
  -1820.0000000000000       -4.6107484632470334E-011
  -1816.0000000000000       -5.8841248270070525E-011
  -1812.0000000000000       -7.4999691772825691E-011
  -1808.0000000000000       -9.5477917065764396E-011
  -1804.0000000000000       -1.2139783326958486E-010
  -1800.0000000000000       -1.5416370770423078E-010
  -1796.0000000000000       -1.9553082053274289E-010
  -1792.0000000000000       -2.4769018610867162E-010
  -1788.0000000000000       -3.1337294248237247E-010
  -1784.0000000000000       -3.9597877886658803E-010
  -1780.0000000000000       -4.9973369385042813E-010
  -1776.0000000000000       -6.2988348376620192E-010
  -1772.0000000000000       -7.9293068479448710E-010
  -1768.0000000000000       -9.9692427377242326E-010
  -1764.0000000000000       -1.2518133174125025E-009
  -1760.0000000000000       -1.5698780013622041E-009
  -1756.0000000000000       -1.9662541313412460E-009
  -1752.0000000000000       -2.4595703502000467E-009
  -1748.0000000000000       -3.0727210397222578E-009
  -1744.0000000000000       -3.8338022691166407E-009
  -1740.0000000000000       -4.7772433218294057E-009
  -1736.0000000000000       -5.9451724021814589E-009
  -1732.0000000000000       -7.3890622338486782E-009
  -1728.0000000000000       -9.1717095723598238E-009
  -1724.0000000000000       -1.1369612342897476E-008
  -1720.0000000000000       -1.4075819384134721E-008
  -1716.0000000000000       -1.7403340853858004E-008
  -1712.0000000000000       -2.1489222483475804E-008
  -1708.0000000000000       -2.6499404334033413E-008
  -1704.0000000000000       -3.2634504812330419E-008
  -1700.0000000000000       -4.0136693787906761E-008
  -1696.0000000000000       -4.9297845075914867E-008
  -1692.0000000000000       -6.0469188713261356E-008
  -1688.0000000000000       -7.4072717781587909E-008
  -1684.0000000000000       -9.0614643474479584E-008
  -1680.0000000000000       -1.1070123614717006E-007
  -1676.0000000000000       -1.3505743972627344E-007
  -1672.0000000000000       -1.6454870261250501E-007
  -1668.0000000000000       -2.0020653060811690E-007
  -1664.0000000000000       -2.4325833697034037E-007
  -1660.0000000000000       -2.9516224194853331E-007
  -1656.0000000000000       -3.5764755959629003E-007
  -1652.0000000000000       -4.3276180370789206E-007
  -1648.0000000000000       -5.2292514779486287E-007
  -1644.0000000000000       -6.3099338638807843E-007
  -1640.0000000000000       -7.6033056680294051E-007
  -1636.0000000000000       -9.1489259186838563E-007
  -1632.0000000000000       -1.0993232348369812E-006
  -1628.0000000000000       -1.3190641573768040E-006
  -1624.0000000000000       -1.5804806795326546E-006
  -1620.0000000000000       -1.8910052158448304E-006
  -1616.0000000000000       -2.2593004630546842E-006
  -1612.0000000000000       -2.6954446001876259E-006
  -1608.0000000000000       -3.2111409389651421E-006
  -1604.0000000000000       -3.8199546385509710E-006
  -1600.0000000000000       -4.5375792700478438E-006
  -1596.0000000000000       -5.3821361786709554E-006
  -1592.0000000000000       -6.3745097401018996E-006
  -1588.0000000000000       -7.5387217363052482E-006
  -1584.0000000000000       -8.9023481782929704E-006
  -1580.0000000000000       -1.0496981971241855E-005
  -1576.0000000000000       -1.2358744842314817E-005
  -1572.0000000000000       -1.4528851923821929E-005
  -1568.0000000000000       -1.7054232293312413E-005
  -1564.0000000000000       -1.9988208606173309E-005
  -1560.0000000000000       -2.3391238702810187E-005
  -1556.0000000000000       -2.7331721718164235E-005
  -1552.0000000000000       -3.1886870752213984E-005
  -1548.0000000000000       -3.7143653561771529E-005
  -1544.0000000000000       -4.3199801991672350E-005
  -1540.0000000000000       -5.0164889962790721E-005
  -1536.0000000000000       -5.8161478761107494E-005
  -1532.0000000000000       -6.7326327113063564E-005
  -1528.0000000000000       -7.7811662075861655E-005
  -1524.0000000000000       -8.9786505107391769E-005
  -1520.0000000000000       -1.0343804580179622E-004
  -1516.0000000000000       -1.1897305367956078E-004
  -1512.0000000000000       -1.3661931610556220E-004
  -1508.0000000000000       -1.5662708788004865E-004
  -1504.0000000000000       -1.7927053531689599E-004
  -1500.0000000000000       -2.0484915470862013E-004
  -1496.0000000000000       -2.3368914200360243E-004
  -1492.0000000000000       -2.6614468732183086E-004
  -1488.0000000000000       -3.0259916465396578E-004
  -1484.0000000000000       -3.4346618377814348E-004
  -1480.0000000000000       -3.8919046815293816E-004
  -1476.0000000000000       -4.4024851937839957E-004
  -1472.0000000000000       -4.9714902584576510E-004
  -1468.0000000000000       -5.6043297051781296E-004
  -1464.0000000000000       -6.3067339050343590E-004
  -1460.0000000000000       -7.0847473933037248E-004
  -1456.0000000000000       -7.9447180170583013E-004
  -1452.0000000000000       -8.8932811022005747E-004
  -1448.0000000000000       -9.9373381403238849E-004
  -1444.0000000000000       -1.1084029512241388E-003
  -1440.0000000000000       -1.2340700793490172E-003
  -1436.0000000000000       -1.3714862228954502E-003
  -1432.0000000000000       -1.5214141020230799E-003
  -1428.0000000000000       -1.6846226141605416E-003
  -1424.0000000000000       -1.8618805489469029E-003
  -1420.0000000000000       -2.0539495276321656E-003
  -1416.0000000000000       -2.2615761704593042E-003
  -1412.0000000000000       -2.4854835097298271E-003
  -1408.0000000000000       -2.7263616821602849E-003
  -1404.0000000000000       -2.9848579516719292E-003
  -1400.0000000000000       -3.2615661327665790E-003
  -1396.0000000000000       -3.5570155049151303E-003
  -1392.0000000000000       -3.8716593296394424E-003
  -1388.0000000000000       -4.2058631038563322E-003
  -1384.0000000000000       -4.5598927051552305E-003
  -1380.0000000000000       -4.9339026065102886E-003
  -1376.0000000000000       -5.3279243589290934E-003
  -1372.0000000000000       -5.7418555600963457E-003
  -1368.0000000000000       -6.1754495445125266E-003
  -1364.0000000000000       -6.6283060452387134E-003
  -1360.0000000000000       -7.0998630883968971E-003
  -1356.0000000000000       -7.5893903882826297E-003
  -1352.0000000000000       -8.0959845125739838E-003
  -1348.0000000000000       -8.6185660829446314E-003
  -1344.0000000000000       -9.1558792657465502E-003
  -1340.0000000000000       -9.7064937897303628E-003
  -1336.0000000000000       -1.0268809702548419E-002
  -1332.0000000000000       -1.0841065044702902E-002
  -1328.0000000000000       -1.1421346578496864E-002
  -1324.0000000000000       -1.2007603660459469E-002
  -1320.0000000000000       -1.2597665288907465E-002
  -1316.0000000000000       -1.3189260294297372E-002
  -1312.0000000000000       -1.3780040569589770E-002
  -1308.0000000000000       -1.4367607162067857E-002
  -1304.0000000000000       -1.4949538968268929E-002
  -1300.0000000000000       -1.5523423691556387E-002
  -1296.0000000000000       -1.6086890639278397E-002
  -1292.0000000000000       -1.6637644855607869E-002
  -1288.0000000000000       -1.7173502009401292E-002
  -1284.0000000000000       -1.7692423386313771E-002
  -1280.0000000000000       -1.8192550273610431E-002
  -1276.0000000000000       -1.8672236977331752E-002
  -1272.0000000000000       -1.9130081677354673E-002
  -1268.0000000000000       -1.9564954308970539E-002
  -1264.0000000000000       -1.9976020662198012E-002
  -1260.0000000000000       -2.0362761914107255E-002
  -1256.0000000000000       -2.0724988856525826E-002
  -1252.0000000000000       -2.1062850152621691E-002
  -1248.0000000000000       -2.1376834051381143E-002
  -1244.0000000000000       -2.1667763108611911E-002
  -1240.0000000000000       -2.1936781605637098E-002
  -1236.0000000000000       -2.2185335520368991E-002
  -1232.0000000000000       -2.2415145087092029E-002
  -1228.0000000000000       -2.2628170177342408E-002
  -1224.0000000000000       -2.2826568940170013E-002
  -1220.0000000000000       -2.3012650350468806E-002
  -1216.0000000000000       -2.3188821522914235E-002
  -1212.0000000000000       -2.3357530849778568E-002
  -1208.0000000000000       -2.3521208206511567E-002
  -1204.0000000000000       -2.3682203632343173E-002
  -1200.0000000000000       -2.3842726027161736E-002
  -1196.0000000000000       -2.4004783503758117E-002
  -1192.0000000000000       -2.4170127089983888E-002
  -1188.0000000000000       -2.4340199483082910E-002
  -1184.0000000000000       -2.4516090514209627E-002
  -1180.0000000000000       -2.4698500882130745E-002
  -1176.0000000000000       -2.4887715560134319E-002
  -1172.0000000000000       -2.5083588069954907E-002
  -1168.0000000000000       -2.5285536553714141E-002
  -1164.0000000000000       -2.5492552264282185E-002
  -1160.0000000000000       -2.5703220742966468E-002
  -1156.0000000000000       -2.5915755569983368E-002
  -1152.0000000000000       -2.6128044168630279E-002
  -1148.0000000000000       -2.6337704730972605E-002
  -1144.0000000000000       -2.6542152925071769E-002
  -1140.0000000000000       -2.6738676656115165E-002
  -1136.0000000000000       -2.6924516801519648E-002
  -1132.0000000000000       -2.7096951538310477E-002
  -1128.0000000000000       -2.7253381644264076E-002
  -1124.0000000000000       -2.7391413995550163E-002
  -1120.0000000000000       -2.7508940414033168E-002
  -1116.0000000000000       -2.7604209045559804E-002
  -1112.0000000000000       -2.7675885581884229E-002
  -1108.0000000000000       -2.7723101875171151E-002
  -1104.0000000000000       -2.7745489833108438E-002
  -1100.0000000000000       -2.7743198918177673E-002
  -1096.0000000000000       -2.7716896095918854E-002
  -1092.0000000000000       -2.7667747669239889E-002
  -1088.0000000000000       -2.7597383080246427E-002
  -1084.0000000000000       -2.7507841435553543E-002
  -1080.0000000000000       -2.7401502190718179E-002
  -1076.0000000000000       -2.7281002087523359E-002
  -1072.0000000000000       -2.7149141046682951E-002
  -1068.0000000000000       -2.7008780250651065E-002
  -1064.0000000000000       -2.6862736080585127E-002
  -1060.0000000000000       -2.6713673874701256E-002
  -1056.0000000000000       -2.6564005632742260E-002
  -1052.0000000000000       -2.6415795788451112E-002
  -1048.0000000000000       -2.6270679000215041E-002
  -1044.0000000000000       -2.6129793567552087E-002
  -1040.0000000000000       -2.5993733573321003E-002
  -1036.0000000000000       -2.5862522191464964E-002
  -1032.0000000000000       -2.5735607808240427E-002
  -1028.0000000000000       -2.5611883708795795E-002
  -1024.0000000000000       -2.5489731114436580E-002
  -1020.0000000000000       -2.5367084357877396E-002
  -1016.0000000000000       -2.5241515996784546E-002
  -1012.0000000000000       -2.5110338734440824E-002
  -1008.0000000000000       -2.4970720184820706E-002
  -1004.0000000000000       -2.4819805830061881E-002
  -1000.0000000000000       -2.4654845009254054E-002
  -996.00000000000000       -2.4473314480375697E-002
  -992.00000000000000       -2.4273034035546648E-002
  -988.00000000000000       -2.4052268837202712E-002
  -984.00000000000000       -2.3809813581889171E-002
  -980.00000000000000       -2.3545054279843502E-002
  -976.00000000000000       -2.3258004341021550E-002
  -972.00000000000000       -2.2949312748611828E-002
  -968.00000000000000       -2.2620243335519617E-002
  -964.00000000000000       -2.2272625504702194E-002
  -960.00000000000000       -2.1908778090473684E-002
  -956.00000000000000       -2.1531409380370781E-002
  -952.00000000000000       -2.1143497539864498E-002
  -948.00000000000000       -2.0748156740909039E-002
  -944.00000000000000       -2.0348495131030608E-002
  -940.00000000000000       -1.9947471341833355E-002
  -936.00000000000000       -1.9547756485449173E-002
  -932.00000000000000       -1.9151608499677911E-002
  -928.00000000000000       -1.8760765268671837E-002
  -924.00000000000000       -1.8376362174688073E-002
  -920.00000000000000       -1.7998878654257072E-002
  -916.00000000000000       -1.7628116982973625E-002
  -912.00000000000000       -1.7263214956796995E-002
  -908.00000000000000       -1.6902692447479946E-002
  -904.00000000000000       -1.6544530068969034E-002
  -900.00000000000000       -1.6186276489970713E-002
  -896.00000000000000       -1.5825179356644077E-002
  -892.00000000000000       -1.5458333436635567E-002
  -888.00000000000000       -1.5082838541294811E-002
  -884.00000000000000       -1.4695959093868933E-002
  -880.00000000000000       -1.4295276937510336E-002
  -876.00000000000000       -1.3878829147069369E-002
  -872.00000000000000       -1.3445223228604791E-002
  -868.00000000000000       -1.2993723141454465E-002
  -864.00000000000000       -1.2524301016003729E-002
  -860.00000000000000       -1.2037651199175511E-002
  -856.00000000000000       -1.1535165251829970E-002
  -852.00000000000000       -1.1018868644001690E-002
  -848.00000000000000       -1.0491322030346832E-002
  -844.00000000000000       -9.9554920193833229E-003
  -840.00000000000000       -9.4145981578059174E-003
  -836.00000000000000       -8.8719443256112945E-003
  -832.00000000000000       -8.3307437845260759E-003
  -828.00000000000000       -7.7939476682427518E-003
  -824.00000000000000       -7.2640867017251445E-003
  -820.00000000000000       -6.7431353721546976E-003
  -816.00000000000000       -6.2324066622284069E-003
  -812.00000000000000       -5.7324838465212663E-003
  -808.00000000000000       -5.2431938236161373E-003
  -804.00000000000000       -4.7636241182928696E-003
  -800.00000000000000       -4.2921831689210401E-003
  -796.00000000000000       -3.8267009600384924E-003
  -792.00000000000000       -3.3645646204998009E-003
  -788.00000000000000       -2.9028814330097899E-003
  -784.00000000000000       -2.4386599294755279E-003
  -780.00000000000000       -1.9689984963989784E-003
  -776.00000000000000       -1.4912702753186965E-003
  -772.00000000000000       -1.0032931702310187E-003
  -768.00000000000000       -5.0347448279782186E-004
  -764.00000000000000        9.0789388685538752E-006
  -760.00000000000000        5.3449219828667540E-004
  -756.00000000000000        1.0721002194457095E-003
  -752.00000000000000        1.6204739302546718E-003
  -748.00000000000000        2.1774937458398100E-003
  -744.00000000000000        2.7404663806748957E-003
  -740.00000000000000        3.3062782505995027E-003
  -736.00000000000000        3.8715763254664219E-003
  -732.00000000000000        4.4329654213870499E-003
  -728.00000000000000        4.9872097099392370E-003
  -724.00000000000000        5.5314257631862533E-003
  -720.00000000000000        6.0632547949168473E-003
  -716.00000000000000        6.5810028967404795E-003
  -712.00000000000000        7.0837399474196266E-003
  -708.00000000000000        7.5713503902625646E-003
  -704.00000000000000        8.0445320773972727E-003
  -700.00000000000000        8.5047426863493845E-003
  -696.00000000000000        8.9540966139462323E-003
  -692.00000000000000        9.3952185240653921E-003
  -688.00000000000000        9.8310626509092100E-003
  -684.00000000000000        1.0264709337591015E-002
  -680.00000000000000        1.0699151951560480E-002
  -676.00000000000000        1.1137088138149533E-002
  -672.00000000000000        1.1580729278998662E-002
  -668.00000000000000        1.2031641000745559E-002
  -664.00000000000000        1.2490625680725417E-002
  -660.00000000000000        1.2957655230652090E-002
  -656.00000000000000        1.3431859171055710E-002
  -652.00000000000000        1.3911569348202845E-002
  -648.00000000000000        1.4394418832518258E-002
  -644.00000000000000        1.4877488830248101E-002
  -640.00000000000000        1.5357494093917408E-002
  -636.00000000000000        1.5830994568554725E-002
  -632.00000000000000        1.6294619060188708E-002
  -628.00000000000000        1.6745285710385950E-002
  -624.00000000000000        1.7180404092653347E-002
  -620.00000000000000        1.7598044830227786E-002
  -616.00000000000000        1.7997064713875119E-002
  -612.00000000000000        1.8377178245673420E-002
  -608.00000000000000        1.8738970159560699E-002
  -604.00000000000000        1.9083847529229217E-002
  -600.00000000000000        1.9413934290586521E-002
  -596.00000000000000        1.9731915084563258E-002
  -592.00000000000000        2.0040838975482738E-002
  -588.00000000000000        2.0343896554210750E-002
  -584.00000000000000        2.0644185971949461E-002
  -580.00000000000000        2.0944484409196641E-002
  -576.00000000000000        2.1247041278651742E-002
  -572.00000000000000        2.1553408086381967E-002
  -568.00000000000000        2.1864317412209521E-002
  -564.00000000000000        2.2179620078082427E-002
  -560.00000000000000        2.2498285482450905E-002
  -556.00000000000000        2.2818465574659632E-002
  -552.00000000000000        2.3137618346634466E-002
  -548.00000000000000        2.3452682362789953E-002
  -544.00000000000000        2.3760290054559274E-002
  -540.00000000000000        2.4057004559204554E-002
  -536.00000000000000        2.4339563012241484E-002
  -532.00000000000000        2.4605108562233465E-002
  -528.00000000000000        2.4851394031057402E-002
  -524.00000000000000        2.5076942062490074E-002
  -520.00000000000000        2.5281149663291591E-002
  -516.00000000000000        2.5464329033156163E-002
  -512.00000000000000        2.5627681219487740E-002
  -508.00000000000000        2.5773204083551861E-002
  -504.00000000000000        2.5903540961107981E-002
  -500.00000000000000        2.6021780876350029E-002
  -496.00000000000000        2.6131224881927383E-002
  -492.00000000000000        2.6235135761048835E-002
  -488.00000000000000        2.6336489726045461E-002
  -484.00000000000000        2.6437748759432396E-002
  -480.00000000000000        2.6540670849747979E-002
  -476.00000000000000        2.6646172662858868E-002
  -472.00000000000000        2.6754255349015304E-002
  -468.00000000000000        2.6863999494417631E-002
  -464.00000000000000        2.6973630030009643E-002
  -460.00000000000000        2.7080646599703898E-002
  -456.00000000000000        2.7182009869555303E-002
  -452.00000000000000        2.7274369916190089E-002
  -448.00000000000000        2.7354319507969151E-002
  -444.00000000000000        2.7418653053057705E-002
  -440.00000000000000        2.7464611406375877E-002
  -436.00000000000000        2.7490093663643810E-002
  -432.00000000000000        2.7493819470070905E-002
  -428.00000000000000        2.7475429064253074E-002
  -424.00000000000000        2.7435512992566035E-002
  -420.00000000000000        2.7375568810972008E-002
  -416.00000000000000        2.7297887728589744E-002
  -412.00000000000000        2.7205379604541037E-002
  -408.00000000000000        2.7101349559258477E-002
  -404.00000000000000        2.6989243318838060E-002
  -400.00000000000000        2.6872380964607024E-002
  -396.00000000000000        2.6753699797007969E-002
  -392.00000000000000        2.6635526447063414E-002
  -388.00000000000000        2.6519396209797007E-002
  -384.00000000000000        2.6405933986796127E-002
  -380.00000000000000        2.6294806478744607E-002
  -376.00000000000000        2.6184749726806379E-002
  -372.00000000000000        2.6073670194552891E-002
  -368.00000000000000        2.5958811773434315E-002
  -364.00000000000000        2.5836975845247405E-002
  -360.00000000000000        2.5704777265525294E-002
  -356.00000000000000        2.5558916189365039E-002
  -352.00000000000000        2.5396444290750112E-002
  -348.00000000000000        2.5215004249799913E-002
  -344.00000000000000        2.5013023387474714E-002
  -340.00000000000000        2.4789845867541717E-002
  -336.00000000000000        2.4545792690451589E-002
  -332.00000000000000        2.4282144398978280E-002
  -328.00000000000000        2.4001047552252609E-002
  -324.00000000000000        2.3705352115180947E-002
  -320.00000000000000        2.3398392465884113E-002
  -316.00000000000000        2.3083729295431704E-002
  -312.00000000000000        2.2764872888096928E-002
  -308.00000000000000        2.2445009859339234E-002
  -304.00000000000000        2.2126755254373572E-002
  -300.00000000000000        2.1811949975317615E-002
  -296.00000000000000        2.1501519954423887E-002
  -292.00000000000000        2.1195408601190114E-002
  -288.00000000000000        2.0892588208678210E-002
  -284.00000000000000        2.0591149675214804E-002
  -280.00000000000000        2.0288463590176116E-002
  -276.00000000000000        1.9981399956504040E-002
  -272.00000000000000        1.9666589047619004E-002
  -268.00000000000000        1.9340702513649912E-002
  -264.00000000000000        1.9000732141747561E-002
  -260.00000000000000        1.8644243783761810E-002
  -256.00000000000000        1.8269585890902312E-002
  -252.00000000000000        1.7876035690677729E-002
  -248.00000000000000        1.7463871021646211E-002
  -244.00000000000000        1.7034361807831373E-002
  -240.00000000000000        1.6589681626855535E-002
  -236.00000000000000        1.6132746280847994E-002
  -232.00000000000000        1.5666992193579869E-002
  -228.00000000000000        1.5196112350025144E-002
  -224.00000000000000        1.4723770966408983E-002
  -220.00000000000000        1.4253319845166468E-002
  -216.00000000000000        1.3787539283621893E-002
  -212.00000000000000        1.3328424471525437E-002
  -208.00000000000000        1.2877034685058878E-002
  -204.00000000000000        1.2433417555629057E-002
  -200.00000000000000        1.1996614666899079E-002
  -196.00000000000000        1.1564748200204984E-002
  -192.00000000000000        1.1135181835052684E-002
  -188.00000000000000        1.0704743144022730E-002
  -184.00000000000000        1.0269989781353316E-002
  -180.00000000000000        9.8274982487163917E-003
  -176.00000000000000        9.3741522108123573E-003
  -172.00000000000000        8.9074073689680480E-003
  -168.00000000000000        8.4255117745036193E-003
  -164.00000000000000        7.9276640181390797E-003
  -160.00000000000000        7.4140966749547095E-003
  -156.00000000000000        6.8860783137454935E-003
  -152.00000000000000        6.3458338154660666E-003
  -148.00000000000000        5.7963891710677753E-003
  -144.00000000000000        5.2413528328142493E-003
  -140.00000000000000        4.6846506104105878E-003
  -136.00000000000000        4.1302346535239251E-003
  -132.00000000000000        3.5817889793402754E-003
  -128.00000000000000        3.0424541560972371E-003
  -124.00000000000000        2.5145921529364152E-003
  -120.00000000000000        1.9996091652054737E-003
  -116.00000000000000        1.4978497004941936E-003
  -112.00000000000000        1.0085697430307346E-003
  -108.00000000000000        5.2999084939156125E-004
  -104.00000000000000        5.9431043626835550E-005
  -100.00000000000000       -4.0649715799352627E-004
  -96.000000000000000       -8.7163593406423064E-004
  -92.000000000000000       -1.3399963657283265E-003
  -88.000000000000000       -1.8154575055749187E-003
  -84.000000000000000       -2.3014706367324787E-003
  -80.000000000000000       -2.8007880164894802E-003
  -76.000000000000000       -3.3152329843360441E-003
  -72.000000000000000       -3.8455247700555544E-003
  -68.000000000000000       -4.3911669953690894E-003
  -64.000000000000000       -4.9504041055266224E-003
  -60.000000000000000       -5.5202451943756189E-003
  -56.000000000000000       -6.0965502784694932E-003
  -52.000000000000000       -6.6741703625950608E-003
  -48.000000000000000       -7.2471298731806985E-003
  -44.000000000000000       -7.8088383736061306E-003
  -40.000000000000000       -8.3523179668317238E-003
  -36.000000000000000       -8.8704333808610064E-003
  -32.000000000000000       -9.3561132706865228E-003
  -28.000000000000000       -9.8025535288501688E-003
  -24.000000000000000       -1.0203396095879612E-002
  -20.000000000000000       -1.0552879599082934E-002
  -16.000000000000000       -1.0845960828452329E-002
  -12.000000000000000       -1.1078408322966127E-002
  -8.0000000000000000       -1.1246870991264497E-002
  -4.0000000000000000       -1.1348925607839871E-002
   0.0000000000000000       -1.1383107177893781E-002
   4.0000000000000000       -1.1348925607839840E-002
   8.0000000000000000       -1.1246870991264431E-002
   12.000000000000000       -1.1078408322966023E-002
   16.000000000000000       -1.0845960828452204E-002
   20.000000000000000       -1.0552879599082774E-002
   24.000000000000000       -1.0203396095879447E-002
   28.000000000000000       -9.8025535288499780E-003
   32.000000000000000       -9.3561132706863250E-003
   36.000000000000000       -8.8704333808607982E-003
   40.000000000000000       -8.3523179668315121E-003
   44.000000000000000       -7.8088383736059173E-003
   48.000000000000000       -7.2471298731804886E-003
   52.000000000000000       -6.6741703625948544E-003
   56.000000000000000       -6.0965502784692885E-003
   60.000000000000000       -5.5202451943754212E-003
   64.000000000000000       -4.9504041055264316E-003
   68.000000000000000       -4.3911669953689125E-003
   72.000000000000000       -3.8455247700553844E-003
   76.000000000000000       -3.3152329843358819E-003
   80.000000000000000       -2.8007880164893310E-003
   84.000000000000000       -2.3014706367323352E-003
   88.000000000000000       -1.8154575055747881E-003
   92.000000000000000       -1.3399963657282033E-003
   96.000000000000000       -8.7163593406411701E-004
   100.00000000000000       -4.0649715799341872E-004
   104.00000000000000        5.9431043626936001E-005
   108.00000000000000        5.2999084939165189E-004
   112.00000000000000        1.0085697430308172E-003
   116.00000000000000        1.4978497004942664E-003
   120.00000000000000        1.9996091652055409E-003
   124.00000000000000        2.5145921529364751E-003
   128.00000000000000        3.0424541560972883E-003
   132.00000000000000        3.5817889793403205E-003
   136.00000000000000        4.1302346535239598E-003
   140.00000000000000        4.6846506104106190E-003
   144.00000000000000        5.2413528328142736E-003
   148.00000000000000        5.7963891710677926E-003
   152.00000000000000        6.3458338154660891E-003
   156.00000000000000        6.8860783137455143E-003
   160.00000000000000        7.4140966749547252E-003
   164.00000000000000        7.9276640181390936E-003
   168.00000000000000        8.4255117745036384E-003
   172.00000000000000        8.9074073689680688E-003
   176.00000000000000        9.3741522108123747E-003
   180.00000000000000        9.8274982487164056E-003
   184.00000000000000        1.0269989781353336E-002
   188.00000000000000        1.0704743144022755E-002
   192.00000000000000        1.1135181835052698E-002
   196.00000000000000        1.1564748200205012E-002
   200.00000000000000        1.1996614666899085E-002
   204.00000000000000        1.2433417555629078E-002
   208.00000000000000        1.2877034685058878E-002
   212.00000000000000        1.3328424471525458E-002
   216.00000000000000        1.3787539283621900E-002
   220.00000000000000        1.4253319845166468E-002
   224.00000000000000        1.4723770966408973E-002
   228.00000000000000        1.5196112350025133E-002
   232.00000000000000        1.5666992193579855E-002
   236.00000000000000        1.6132746280847963E-002
   240.00000000000000        1.6589681626855507E-002
   244.00000000000000        1.7034361807831338E-002
   248.00000000000000        1.7463871021646146E-002
   252.00000000000000        1.7876035690677691E-002
   256.00000000000000        1.8269585890902263E-002
   260.00000000000000        1.8644243783761741E-002
   264.00000000000000        1.9000732141747498E-002
   268.00000000000000        1.9340702513649829E-002
   272.00000000000000        1.9666589047618914E-002
   276.00000000000000        1.9981399956503949E-002
   280.00000000000000        2.0288463590176012E-002
   284.00000000000000        2.0591149675214727E-002
   288.00000000000000        2.0892588208678113E-002
   292.00000000000000        2.1195408601190017E-002
   296.00000000000000        2.1501519954423776E-002
   300.00000000000000        2.1811949975317498E-002
   304.00000000000000        2.2126755254373461E-002
   308.00000000000000        2.2445009859339109E-002
   312.00000000000000        2.2764872888096824E-002
   316.00000000000000        2.3083729295431572E-002
   320.00000000000000        2.3398392465883988E-002
   324.00000000000000        2.3705352115180815E-002
   328.00000000000000        2.4001047552252519E-002
   332.00000000000000        2.4282144398978175E-002
   336.00000000000000        2.4545792690451457E-002
   340.00000000000000        2.4789845867541613E-002
   344.00000000000000        2.5013023387474617E-002
   348.00000000000000        2.5215004249799802E-002
   352.00000000000000        2.5396444290750008E-002
   356.00000000000000        2.5558916189364927E-002
   360.00000000000000        2.5704777265525183E-002
   364.00000000000000        2.5836975845247287E-002
   368.00000000000000        2.5958811773434169E-002
   372.00000000000000        2.6073670194552773E-002
   376.00000000000000        2.6184749726806254E-002
   380.00000000000000        2.6294806478744440E-002
   384.00000000000000        2.6405933986795947E-002
   388.00000000000000        2.6519396209796826E-002
   392.00000000000000        2.6635526447063212E-002
   396.00000000000000        2.6753699797007768E-002
   400.00000000000000        2.6872380964606823E-002
   404.00000000000000        2.6989243318837845E-002
   408.00000000000000        2.7101349559258241E-002
   412.00000000000000        2.7205379604540808E-002
   416.00000000000000        2.7297887728589494E-002
   420.00000000000000        2.7375568810971765E-002
   424.00000000000000        2.7435512992565799E-002
   428.00000000000000        2.7475429064252852E-002
   432.00000000000000        2.7493819470070697E-002
   436.00000000000000        2.7490093663643616E-002
   440.00000000000000        2.7464611406375662E-002
   444.00000000000000        2.7418653053057518E-002
   448.00000000000000        2.7354319507968943E-002
   452.00000000000000        2.7274369916189894E-002
   456.00000000000000        2.7182009869555115E-002
   460.00000000000000        2.7080646599703717E-002
   464.00000000000000        2.6973630030009462E-002
   468.00000000000000        2.6863999494417444E-002
   472.00000000000000        2.6754255349015123E-002
   476.00000000000000        2.6646172662858673E-002
   480.00000000000000        2.6540670849747778E-002
   484.00000000000000        2.6437748759432174E-002
   488.00000000000000        2.6336489726045232E-002
   492.00000000000000        2.6235135761048606E-002
   496.00000000000000        2.6131224881927161E-002
   500.00000000000000        2.6021780876349786E-002
   504.00000000000000        2.5903540961107731E-002
   508.00000000000000        2.5773204083551618E-002
   512.00000000000000        2.5627681219487490E-002
   516.00000000000000        2.5464329033155934E-002
   520.00000000000000        2.5281149663291369E-002
   524.00000000000000        2.5076942062489845E-002
   528.00000000000000        2.4851394031057187E-002
   532.00000000000000        2.4605108562233271E-002
   536.00000000000000        2.4339563012241296E-002
   540.00000000000000        2.4057004559204367E-002
   544.00000000000000        2.3760290054559086E-002
   548.00000000000000        2.3452682362789773E-002
   552.00000000000000        2.3137618346634314E-002
   556.00000000000000        2.2818465574659479E-002
   560.00000000000000        2.2498285482450753E-002
   564.00000000000000        2.2179620078082267E-002
   568.00000000000000        2.1864317412209355E-002
   572.00000000000000        2.1553408086381794E-002
   576.00000000000000        2.1247041278651548E-002
   580.00000000000000        2.0944484409196454E-002
   584.00000000000000        2.0644185971949246E-002
   588.00000000000000        2.0343896554210549E-002
   592.00000000000000        2.0040838975482516E-002
   596.00000000000000        1.9731915084563029E-002
   600.00000000000000        1.9413934290586278E-002
   604.00000000000000        1.9083847529228967E-002
   608.00000000000000        1.8738970159560431E-002
   612.00000000000000        1.8377178245673149E-002
   616.00000000000000        1.7997064713874862E-002
   620.00000000000000        1.7598044830227515E-002
   624.00000000000000        1.7180404092653111E-002
   628.00000000000000        1.6745285710385714E-002
   632.00000000000000        1.6294619060188479E-002
   636.00000000000000        1.5830994568554514E-002
   640.00000000000000        1.5357494093917203E-002
   644.00000000000000        1.4877488830247906E-002
   648.00000000000000        1.4394418832518067E-002
   652.00000000000000        1.3911569348202665E-002
   656.00000000000000        1.3431859171055527E-002
   660.00000000000000        1.2957655230651902E-002
   664.00000000000000        1.2490625680725240E-002
   668.00000000000000        1.2031641000745389E-002
   672.00000000000000        1.1580729278998499E-002
   676.00000000000000        1.1137088138149363E-002
   680.00000000000000        1.0699151951560310E-002
   684.00000000000000        1.0264709337590838E-002
   688.00000000000000        9.8310626509090331E-003
   692.00000000000000        9.3952185240652204E-003
   696.00000000000000        8.9540966139460641E-003
   700.00000000000000        8.5047426863492127E-003
   704.00000000000000        8.0445320773971027E-003
   708.00000000000000        7.5713503902624033E-003
   712.00000000000000        7.0837399474194774E-003
   716.00000000000000        6.5810028967403233E-003
   720.00000000000000        6.0632547949167051E-003
   724.00000000000000        5.5314257631861189E-003
   728.00000000000000        4.9872097099391156E-003
   732.00000000000000        4.4329654213869363E-003
   736.00000000000000        3.8715763254663169E-003
   740.00000000000000        3.3062782505994090E-003
   744.00000000000000        2.7404663806748098E-003
   748.00000000000000        2.1774937458397307E-003
   752.00000000000000        1.6204739302546002E-003
   756.00000000000000        1.0721002194456436E-003
   760.00000000000000        5.3449219828661165E-004
   764.00000000000000        9.0789388684879015E-006
   768.00000000000000       -5.0347448279788659E-004
   772.00000000000000       -1.0032931702310850E-003
   776.00000000000000       -1.4912702753187694E-003
   780.00000000000000       -1.9689984963990564E-003
   784.00000000000000       -2.4386599294756147E-003
   788.00000000000000       -2.9028814330098818E-003
   792.00000000000000       -3.3645646204998980E-003
   796.00000000000000       -3.8267009600385956E-003
   800.00000000000000       -4.2921831689211494E-003
   804.00000000000000       -4.7636241182929806E-003
   808.00000000000000       -5.2431938236162509E-003
   812.00000000000000       -5.7324838465213825E-003
   816.00000000000000       -6.2324066622285196E-003
   820.00000000000000       -6.7431353721548104E-003
   824.00000000000000       -7.2640867017252416E-003
   828.00000000000000       -7.7939476682428385E-003
   832.00000000000000       -8.3307437845261557E-003
   836.00000000000000       -8.8719443256113535E-003
   840.00000000000000       -9.4145981578059729E-003
   844.00000000000000       -9.9554920193833576E-003
   848.00000000000000       -1.0491322030346856E-002
   852.00000000000000       -1.1018868644001693E-002
   856.00000000000000       -1.1535165251829960E-002
   860.00000000000000       -1.2037651199175483E-002
   864.00000000000000       -1.2524301016003695E-002
   868.00000000000000       -1.2993723141454427E-002
   872.00000000000000       -1.3445223228604728E-002
   876.00000000000000       -1.3878829147069303E-002
   880.00000000000000       -1.4295276937510263E-002
   884.00000000000000       -1.4695959093868857E-002
   888.00000000000000       -1.5082838541294738E-002
   892.00000000000000       -1.5458333436635488E-002
   896.00000000000000       -1.5825179356644008E-002
   900.00000000000000       -1.6186276489970643E-002
   904.00000000000000       -1.6544530068968971E-002
   908.00000000000000       -1.6902692447479870E-002
   912.00000000000000       -1.7263214956796943E-002
   916.00000000000000       -1.7628116982973570E-002
   920.00000000000000       -1.7998878654257026E-002
   924.00000000000000       -1.8376362174688039E-002
   928.00000000000000       -1.8760765268671802E-002
   932.00000000000000       -1.9151608499677879E-002
   936.00000000000000       -1.9547756485449149E-002
   940.00000000000000       -1.9947471341833341E-002
   944.00000000000000       -2.0348495131030583E-002
   948.00000000000000       -2.0748156740909011E-002
   952.00000000000000       -2.1143497539864470E-002
   956.00000000000000       -2.1531409380370754E-002
   960.00000000000000       -2.1908778090473657E-002
   964.00000000000000       -2.2272625504702159E-002
   968.00000000000000       -2.2620243335519576E-002
   972.00000000000000       -2.2949312748611780E-002
   976.00000000000000       -2.3258004341021501E-002
   980.00000000000000       -2.3545054279843446E-002
   984.00000000000000       -2.3809813581889109E-002
   988.00000000000000       -2.4052268837202656E-002
   992.00000000000000       -2.4273034035546578E-002
   996.00000000000000       -2.4473314480375607E-002
   1000.0000000000000       -2.4654845009253957E-002
   1004.0000000000000       -2.4819805830061790E-002
   1008.0000000000000       -2.4970720184820615E-002
   1012.0000000000000       -2.5110338734440713E-002
   1016.0000000000000       -2.5241515996784428E-002
   1020.0000000000000       -2.5367084357877285E-002
   1024.0000000000000       -2.5489731114436462E-002
   1028.0000000000000       -2.5611883708795677E-002
   1032.0000000000000       -2.5735607808240309E-002
   1036.0000000000000       -2.5862522191464832E-002
   1040.0000000000000       -2.5993733573320871E-002
   1044.0000000000000       -2.6129793567551941E-002
   1048.0000000000000       -2.6270679000214903E-002
   1052.0000000000000       -2.6415795788450960E-002
   1056.0000000000000       -2.6564005632742121E-002
   1060.0000000000000       -2.6713673874701097E-002
   1064.0000000000000       -2.6862736080584981E-002
   1068.0000000000000       -2.7008780250650913E-002
   1072.0000000000000       -2.7149141046682791E-002
   1076.0000000000000       -2.7281002087523199E-002
   1080.0000000000000       -2.7401502190718019E-002
   1084.0000000000000       -2.7507841435553397E-002
   1088.0000000000000       -2.7597383080246261E-002
   1092.0000000000000       -2.7667747669239715E-002
   1096.0000000000000       -2.7716896095918694E-002
   1100.0000000000000       -2.7743198918177506E-002
   1104.0000000000000       -2.7745489833108278E-002
   1108.0000000000000       -2.7723101875170977E-002
   1112.0000000000000       -2.7675885581884049E-002
   1116.0000000000000       -2.7604209045559630E-002
   1120.0000000000000       -2.7508940414032994E-002
   1124.0000000000000       -2.7391413995549983E-002
   1128.0000000000000       -2.7253381644263910E-002
   1132.0000000000000       -2.7096951538310297E-002
   1136.0000000000000       -2.6924516801519461E-002
   1140.0000000000000       -2.6738676656114964E-002
   1144.0000000000000       -2.6542152925071581E-002
   1148.0000000000000       -2.6337704730972425E-002
   1152.0000000000000       -2.6128044168630078E-002
   1156.0000000000000       -2.5915755569983174E-002
   1160.0000000000000       -2.5703220742966267E-002
   1164.0000000000000       -2.5492552264281973E-002
   1168.0000000000000       -2.5285536553713919E-002
   1172.0000000000000       -2.5083588069954685E-002
   1176.0000000000000       -2.4887715560134086E-002
   1180.0000000000000       -2.4698500882130506E-002
   1184.0000000000000       -2.4516090514209370E-002
   1188.0000000000000       -2.4340199483082640E-002
   1192.0000000000000       -2.4170127089983614E-002
   1196.0000000000000       -2.4004783503757832E-002
   1200.0000000000000       -2.3842726027161438E-002
   1204.0000000000000       -2.3682203632342861E-002
   1208.0000000000000       -2.3521208206511247E-002
   1212.0000000000000       -2.3357530849778242E-002
   1216.0000000000000       -2.3188821522913888E-002
   1220.0000000000000       -2.3012650350468445E-002
   1224.0000000000000       -2.2826568940169652E-002
   1228.0000000000000       -2.2628170177342033E-002
   1232.0000000000000       -2.2415145087091640E-002
   1236.0000000000000       -2.2185335520368603E-002
   1240.0000000000000       -2.1936781605636693E-002
   1244.0000000000000       -2.1667763108611498E-002
   1248.0000000000000       -2.1376834051380727E-002
   1252.0000000000000       -2.1062850152621267E-002
   1256.0000000000000       -2.0724988856525406E-002
   1260.0000000000000       -2.0362761914106828E-002
   1264.0000000000000       -1.9976020662197596E-002
   1268.0000000000000       -1.9564954308970116E-002
   1272.0000000000000       -1.9130081677354246E-002
   1276.0000000000000       -1.8672236977331332E-002
   1280.0000000000000       -1.8192550273610011E-002
   1284.0000000000000       -1.7692423386313362E-002
   1288.0000000000000       -1.7173502009400893E-002
   1292.0000000000000       -1.6637644855607477E-002
   1296.0000000000000       -1.6086890639278012E-002
   1300.0000000000000       -1.5523423691556014E-002
   1304.0000000000000       -1.4949538968268568E-002
   1308.0000000000000       -1.4367607162067508E-002
   1312.0000000000000       -1.3780040569589430E-002
   1316.0000000000000       -1.3189260294297043E-002
   1320.0000000000000       -1.2597665288907149E-002
   1324.0000000000000       -1.2007603660459165E-002
   1328.0000000000000       -1.1421346578496572E-002
   1332.0000000000000       -1.0841065044702624E-002
   1336.0000000000000       -1.0268809702548157E-002
   1340.0000000000000       -9.7064937897301130E-003
   1344.0000000000000       -9.1558792657463126E-003
   1348.0000000000000       -8.6185660829444094E-003
   1352.0000000000000       -8.0959845125737739E-003
   1356.0000000000000       -7.5893903882824319E-003
   1360.0000000000000       -7.0998630883967106E-003
   1364.0000000000000       -6.6283060452385408E-003
   1368.0000000000000       -6.1754495445123627E-003
   1372.0000000000000       -5.7418555600961957E-003
   1376.0000000000000       -5.3279243589289529E-003
   1380.0000000000000       -4.9339026065101568E-003
   1384.0000000000000       -4.5598927051551091E-003
   1388.0000000000000       -4.2058631038562203E-003
   1392.0000000000000       -3.8716593296393401E-003
   1396.0000000000000       -3.5570155049150357E-003
   1400.0000000000000       -3.2615661327664923E-003
   1404.0000000000000       -2.9848579516718494E-003
   1408.0000000000000       -2.7263616821602121E-003
   1412.0000000000000       -2.4854835097297611E-003
   1416.0000000000000       -2.2615761704592435E-003
   1420.0000000000000       -2.0539495276321110E-003
   1424.0000000000000       -1.8618805489468535E-003
   1428.0000000000000       -1.6846226141604970E-003
   1432.0000000000000       -1.5214141020230396E-003
   1436.0000000000000       -1.3714862228954134E-003
   1440.0000000000000       -1.2340700793489847E-003
   1444.0000000000000       -1.1084029512241095E-003
   1448.0000000000000       -9.9373381403236203E-004
   1452.0000000000000       -8.8932811022003383E-004
   1456.0000000000000       -7.9447180170580910E-004
   1460.0000000000000       -7.0847473933035384E-004
   1464.0000000000000       -6.3067339050341920E-004
   1468.0000000000000       -5.6043297051779810E-004
   1472.0000000000000       -4.9714902584575187E-004
   1476.0000000000000       -4.4024851937838797E-004
   1480.0000000000000       -3.8919046815292786E-004
   1484.0000000000000       -3.4346618377813437E-004
   1488.0000000000000       -3.0259916465395781E-004
   1492.0000000000000       -2.6614468732182392E-004
   1496.0000000000000       -2.3368914200359631E-004
   1500.0000000000000       -2.0484915470861479E-004
   1504.0000000000000       -1.7927053531689133E-004
   1508.0000000000000       -1.5662708788004455E-004
   1512.0000000000000       -1.3661931610555865E-004
   1516.0000000000000       -1.1897305367955768E-004
   1520.0000000000000       -1.0343804580179350E-004
   1524.0000000000000       -8.9786505107389451E-005
   1528.0000000000000       -7.7811662075859636E-005
   1532.0000000000000       -6.7326327113061829E-005
   1536.0000000000000       -5.8161478761105990E-005
   1540.0000000000000       -5.0164889962789420E-005
   1544.0000000000000       -4.3199801991671238E-005
   1548.0000000000000       -3.7143653561770573E-005
   1552.0000000000000       -3.1886870752213165E-005
   1556.0000000000000       -2.7331721718163537E-005
   1560.0000000000000       -2.3391238702809587E-005
   1564.0000000000000       -1.9988208606172801E-005
   1568.0000000000000       -1.7054232293311976E-005
   1572.0000000000000       -1.4528851923821558E-005
   1576.0000000000000       -1.2358744842314502E-005
   1580.0000000000000       -1.0496981971241587E-005
   1584.0000000000000       -8.9023481782927451E-006
   1588.0000000000000       -7.5387217363050585E-006
   1592.0000000000000       -6.3745097401017387E-006
   1596.0000000000000       -5.3821361786708199E-006
   1600.0000000000000       -4.5375792700477286E-006
   1604.0000000000000       -3.8199546385508762E-006
   1608.0000000000000       -3.2111409389650616E-006
   1612.0000000000000       -2.6954446001875590E-006
   1616.0000000000000       -2.2593004630546279E-006
   1620.0000000000000       -1.8910052158447832E-006
   1624.0000000000000       -1.5804806795326154E-006
   1628.0000000000000       -1.3190641573767712E-006
   1632.0000000000000       -1.0993232348369541E-006
   1636.0000000000000       -9.1489259186836297E-007
   1640.0000000000000       -7.6033056680292166E-007
   1644.0000000000000       -6.3099338638806297E-007
   1648.0000000000000       -5.2292514779484996E-007
   1652.0000000000000       -4.3276180370788147E-007
   1656.0000000000000       -3.5764755959628125E-007
   1660.0000000000000       -2.9516224194852611E-007
   1664.0000000000000       -2.4325833697033444E-007
   1668.0000000000000       -2.0020653060811203E-007
   1672.0000000000000       -1.6454870261250102E-007
   1676.0000000000000       -1.3505743972627018E-007
   1680.0000000000000       -1.1070123614716738E-007
   1684.0000000000000       -9.0614643474477413E-008
   1688.0000000000000       -7.4072717781586136E-008
   1692.0000000000000       -6.0469188713259913E-008
   1696.0000000000000       -4.9297845075913683E-008
   1700.0000000000000       -4.0136693787905801E-008
   1704.0000000000000       -3.2634504812329638E-008
   1708.0000000000000       -2.6499404334032777E-008
   1712.0000000000000       -2.1489222483475295E-008
   1716.0000000000000       -1.7403340853857594E-008
   1720.0000000000000       -1.4075819384134388E-008
   1724.0000000000000       -1.1369612342897208E-008
   1728.0000000000000       -9.1717095723596087E-009
   1732.0000000000000       -7.3890622338485036E-009
   1736.0000000000000       -5.9451724021813183E-009
   1740.0000000000000       -4.7772433218292932E-009
   1744.0000000000000       -3.8338022691165514E-009
   1748.0000000000000       -3.0727210397221862E-009
   1752.0000000000000       -2.4595703501999897E-009
   1756.0000000000000       -1.9662541313412005E-009
   1760.0000000000000       -1.5698780013621677E-009
   1764.0000000000000       -1.2518133174124735E-009
   1768.0000000000000       -9.9692427377240010E-010
   1772.0000000000000       -7.9293068479446890E-010
   1776.0000000000000       -6.2988348376618744E-010
   1780.0000000000000       -4.9973369385041655E-010
   1784.0000000000000       -3.9597877886657893E-010
   1788.0000000000000       -3.1337294248236529E-010
   1792.0000000000000       -2.4769018610866593E-010
   1796.0000000000000       -1.9553082053273844E-010
   1800.0000000000000       -1.5416370770422729E-010
   1804.0000000000000       -1.2139783326958209E-010
   1808.0000000000000       -9.5477917065762250E-011
   1812.0000000000000       -7.4999691772823998E-011
   1816.0000000000000       -5.8841248270069194E-011
   1820.0000000000000       -4.6107484632469293E-011
   1824.0000000000000       -3.6085225122721024E-011
   1828.0000000000000       -2.8207013763509807E-011
   1832.0000000000000       -2.2021949152960794E-011
   1836.0000000000000       -1.7172225801439352E-011
   1840.0000000000000       -1.3374293099309814E-011
   1844.0000000000000       -1.0403745041948695E-011
   1848.0000000000000       -8.0832195560636944E-012
   1852.0000000000000       -6.2727219746278833E-012
   1856.0000000000000       -4.8618981400400768E-012
   1860.0000000000000       -3.7638731423482554E-012
   1864.0000000000000       -2.9103454491197088E-012
   1868.0000000000000       -2.2476861637941171E-012
   1872.0000000000000       -1.7338418493407969E-012
   1876.0000000000000       -1.3358788295753838E-012
   1880.0000000000000       -1.0280388261408362E-012
   1884.0000000000000       -7.9020159901245411E-013
   1888.0000000000000       -6.0667107714991319E-013
   1892.0000000000000       -4.6521823175225211E-013
   1896.0000000000000       -3.5632742492467657E-013
   1900.0000000000000       -2.7260378808611980E-013
   1904.0000000000000       -2.0830785787897434E-013
   1908.0000000000000       -1.5899063821450215E-013
   1912.0000000000000       -1.2120780285974214E-013
   1916.0000000000000       -9.2296177218251858E-014
   1920.0000000000000       -7.0199162072931345E-014
   1924.0000000000000       -5.3330564902647336E-014
   1928.0000000000000       -4.0468530200604277E-014
   1932.0000000000000       -3.0673025144643707E-014
   1936.0000000000000       -2.3221734339687259E-014
   1940.0000000000000       -1.7560322068723279E-014
   1944.0000000000000       -1.3263892549926020E-014
   1948.0000000000000       -1.0007166088566405E-014
   1952.0000000000000       -7.5414300466753504E-015
   1956.0000000000000       -5.6767487729918489E-015
   1960.0000000000000       -4.2682503481825321E-015
   1964.0000000000000       -3.2055695207518253E-015
   1968.0000000000000       -2.4047308610547502E-015
   1972.0000000000000       -1.8019160822257732E-015
   1976.0000000000000       -1.3486842670278023E-015
   1980.0000000000000       -1.0083109786387426E-015
   1984.0000000000000       -7.5298789745981012E-016
   1988.0000000000000       -5.6168341972809351E-016
   1992.0000000000000       -4.1851027489373671E-016
   1996.0000000000000       -3.1148156955193282E-016
   2000.0000000000000       -2.3156402046660252E-016
