           1  -5.1118643431026731     
           2   7.7416793315907340E-002
           3   8.9963841970969807E-002
           4  0.31014158123979541     
           5  0.35932681555609286     
           6  0.69947066780303646     
           7  0.80666279678965913     
           8   1.2471875358390450     
           9   1.4300042329380278     
          10   1.9552284362931267     
          11   2.2272544195515565     
          12   2.8253722254820888     
          13   3.1964226144779921     
          14   3.8591608258265233     
          15   4.3358032766305126     
          16   5.0577768579230993     
          17   5.6439385128604869     
          18   6.4221739270536498     
          19   7.1196535317411209     
          20   7.9529905225952300     
          21   8.7619486732413616     
          22   9.6507548211253606     
          23   10.570000137525728     
          24   11.515751237919481     
          25   12.543105922170371     
          26   13.548251937022881     
          27   14.680639176292042     
          28   15.748329305792268     
          29   16.982112282876106     
          30   18.116104304495707     
          31   19.447022494925147     
          32   20.651520466979129     
          33   22.075088975433452     
          34   23.354603082745840     
          35   24.865919968694556     
          36   26.225213346472358     
          37   27.819477199279415     
          38   29.263308677086147     
          39   30.935495172809940     
          40   32.468695601022759     
          41   34.214221433292089     
          42   35.841277858062398     
          43   37.655528479512391     
          44   39.380826859291332     
          45   41.259965797787700     
          46   43.087201625149866     
          47   45.027525741089207     
          48   46.960156265515799     
          49   48.959025891449805     
          50   50.999514099497610     
          51   53.054521642168815     
          52   55.205032099476973     
          53   57.315015901774814     
          54   59.576510626354526     
          55   61.740546874275402     
          56   64.113734664348897     
          57   66.332195624328776     
          58   68.816500484029831     
          59   71.089909347070943     
          60   73.684652275811473     
          61   76.014747320333996     
          62   78.718007865358885     
          63   81.106523463854955     
          64   83.916506584425221     
          65   86.366202909172259     
          66   89.280018186486771     
          67   91.793463774351963     
          68   94.808613216711620     
          69   97.389135405565199     
          70   100.50224296382990     
          71   103.15279046823248     
          72   106.36113733273297     
          73   109.08510375326551     
          74   112.38534960431164     
          75   115.18559302407047     
          76   118.57527945404223     
          77   121.45477273573229     
          78   124.93108488319622     
          79   127.89216549326893     
          80   131.45332034532780     
          81   134.49812586601300     
          82   138.14222913076978     
          83   141.27224345656887     
          84   144.99847904665833     
          85   148.21471683654707     
          86   152.02236031866647     
          87   155.32526376495022     
          88   159.21459387980914     
          89   162.60393394544906     
          90   166.57547028966533     
          91   170.05063138953233     
          92   174.10569829691218     
          93   177.66526786152056     
          94   181.80552755010368     
          95   185.44798606616752     
          96   189.67559819007710     
          97   193.39857436276739     
          98   197.71609372249037     
          99   201.51745666754081     
         100   205.92754712729433     
         101   209.80431432448898     
         102   214.31007081431235     
         103   218.25987901415317     
         104   222.86407225287624     
         105   226.88374016341851     
         106   231.58960634209896     
         107   235.67694115397208     
         108   240.48695432375166     
         109   244.63899000596405     
         110   249.55614067799419     
         111   253.77121814386084     
         112   258.79733281528672     
         113   263.07305661125406     
         114   268.21055979902735     
         115   272.54607284017027     
         116   277.79589643281940     
         117   282.18962118307456     
         118   287.55341453826685     
         119   292.00542945097476     
         120   297.48312306646926     
         121   301.99277690447963     
         122   307.58517415750930     
         123   312.15346200488631     
         124   317.85954055538110     
         125   322.48669898125422     
         126   328.30648821150476     
         127   332.99426447324760     
         128   338.92598350268520     
         129   343.67533219025745     
         130   349.71843187792842     
         131   354.53157164415353     
         132   360.68382014202450     
         133   365.56215758060165     
         134   371.82270699633511     
         135   376.76858061399241     
         136   383.13511979893843     
         137   388.15007374502540     
         138   394.62176849192014     
         139   399.70789307983313     
         140   406.28273132807141     
         141   411.44139834340405     
         142   418.11884948309273     
         143   423.35157167506992     
         144   430.13025137486460     
         145   435.43797331485342     
         146   442.31787216555495     
         147   447.70128690366010     
         148   454.68188020976100     
         149   460.14134604874437     
         150   467.22325453060006     
         151   472.75852479320611     
         152   479.94218814036719     
         153   485.55299593856597     
         154   492.83964818583314     
         155   498.52482479715894     
         156   505.91583809320571     
         157   511.67457625171318     
         158   519.17166008707079     
         159   525.00201815598859     
         160   532.60732055115398     
         161   538.50814159931622     
         162   546.22361359704769     
         163   552.19243683482341     
         164   560.02075157474485     
         165   566.05633105226320     
         166   573.99939167484115     
         167   580.09906339067902     
         168   588.15976652204097     
         169   594.32247847752865     
         170   602.50238350964867     
         171   608.72559586554189     
         172   617.02751942179270     
         173   623.31062841091409     
         174   631.73553406563940     
         175   638.07641213130239     
         176   646.62677843595748     
         177   653.02544981047731     
         178   661.70147973212306     
         179   668.15643551860217     
         180   676.96009516180129     
         181   683.47205988106134     
         182   692.40274400162275     
         183   698.97092448997319     
         184   708.03001916841731     
         185   714.65579042473189     
         186   723.84196297850008     
         187   730.52522687931855     
         188   739.83932661421704     
         189   746.58194273424920     
         190   756.02210900714374     
         191   762.82454725005471     
         192   772.39123101171140     
         193   779.25557885202488     
         194   788.94668062940173     
         195   795.87377142200171     
         196   805.68954505357863     
         197   812.68138687456576     
         198   822.61982930007889     
         199   829.67737755776102     
         200   839.73876655336176     
         201   846.86364034862800     
         202   857.04639991506349     
         203   864.23944417607254     
         204   874.54407107905286     
         205   881.80625290291243     
         206   892.23187480699278     
         207   899.56374788216669     
         208   910.11120932958988     
         209   917.51291381988381     
         210   928.18222860929018     
         211   935.65393073983944     
         212   946.44632631188517     
         213   953.98727999783353     
         214   964.90372033282563     
         215   972.51370939879416     
         216   983.55573675458754     
         217   991.23319401991637     
         218   1002.4026633175373     
         219   1010.1470941092807     
         220   1021.4457011882287     
         221   1029.2548955222751     
         222   1040.6852184967743     
         223   1048.5585845834323     
         224   1060.1222463244180     
         225   1068.0571932845608     
         226   1079.7572502136163     
         227   1087.7533115225685     
         228   1099.5910624695307     
         229   1107.6455693121950     
         230   1119.6242693004706     
         231   1127.7370988199084     
         232   1139.8574938501836     
         233   1148.0261950598506     
         234   1160.2914702742562     
         235   1168.5164331216479     
         236   1180.9266200708853     
         237   1189.2058543288028     
         238   1201.7638530101840     
         239   1210.0983440275427     
         240   1222.8034122510048     
         241   1231.1917854258134     
         242   1244.0464067609339     
         243   1252.4902165981207     
         244   1265.4929371570797     
         245   1273.9914726093082     
         246   1287.1443263540032     
         247   1295.6995729666262     
         248   1309.0005766490679     
         249   1317.6124284187517     
         250   1331.0632263004352     
         251   1339.7338669154276     
         252   1353.3322274957454     
         253   1362.0620104295567     
         254   1375.8093181752597     
         255   1384.6003320491780     
         256   1398.4944483158736     
         257   1407.3473078968734     
         258   1421.3895206592765     
         259   1430.3059120818334     
         260   1444.4945270533381     
         261   1453.4751186129004     
         262   1467.8114811064386     
         263   1476.8572848048157     
         264   1491.3404547570560     
         265   1500.4520186924533     
         266   1515.0835025438219     
         267   1524.2609740641444     
         268   1539.0408086717891     
         269   1548.2845119475360     
         270   1563.2143886184863     
         271   1572.5235297394809     
         272   1587.6045665357976     
         273   1596.9792332405209     
         274   1612.2132369022861     
         275   1621.6517456120118     
         276   1637.0408895460223     
         277   1646.5431723197908     
         278   1662.0892229826084     
         279   1671.6528793044124     
         280   1687.3589189317065     
         281   1696.9838811629161     
         282   1712.8514201324847     
         283   1722.5348373054228     
         284   1738.5676281638746     
         285   1748.3096291652666     
         286   1764.5086914843366     
         287   1774.3062921334047     
         288   1790.6757606952931     
         289   1800.5294774864551     
         290   1817.0696762372440     
         291   1826.9767087903786     
         292   1843.6918656125499     
         293   1853.6532570245226     
         294   1870.5428729531236     
         295   1880.5562736689683     
         296   1897.6244252042065     
         297   1907.6914527416097     
         298   1924.9368055725402     
         299   1935.0557387529695     
         300   1952.4820526306523     
         301   1962.6550169909867     
         302   1980.2602439881598     
         303   1990.4862128311479     
         304   2008.2737263849597     
         305   2018.5551509490631     
         306   2036.5224419656386     
         307   2046.8589441932909     
         308   2065.0090217583734     
         309   2075.4031013164185     
         310   2093.7333514420470     
         311   2104.1851419678101     
         312   2122.6982986625976     
         313   2133.2100166394912     
         314   2151.9037745169508     
         315   2162.4758751596491     
         316   2181.3528108206228     
         317   2191.9868949544170     
         318   2211.0454236906239     
         319   2221.7420721849026     
         320   2240.9847141799951     
         321   2251.7446357758381     
         322   2271.1708771812168     
         323   2281.9946237778881     
         324   2301.6069716123075     
         325   2312.4941894063595     
         326   2332.2934374853307     
         327   2343.2445729332831     
         328   2363.2331732715543     
         329   2374.2467788815266     
         330   2394.4269232352735     
         331   2405.5033600217375     
         332   2425.8773119410307     
         333   2437.0141568304393     
         334   2457.5854409198059     
         335   2468.7830810063747     
         336   2489.5535644941256     
         337   2500.8088523725378     
         338   2521.7831891391725     
         339   2533.0967128647526     
         340   2554.2761305481322     
         341   2565.6443629754058     
         342   2587.0343418677280     
         343   2598.4582640325002     
         344   2620.0591675736987     
         345   2631.5352541070429     
         346   2653.3530406641203     
         347   2664.8828198598353     
         348   2686.9168416695443     
         349   2698.4971459312310     
         350   2720.7535035166188     
         351   2732.3864732412007     
         352   2754.8634900601410     
         353   2766.5465895271686     
         354   2789.2502351591670     
         355   2800.9861556465285     
         356   2823.9138698103293     
         357   2835.7008605956707     
         358   2858.8583042364735     
         359   2870.6994079301312     
         360   2894.0834505198036     
         361   2905.9777196753962     
         362   2929.5936392080043     
         363   2941.5441466454190     
         364   2965.3886989658458     
         365   2977.3951981715704     
         366   3001.4732892021284     
         367   3013.5384850136384     
         368   3037.8473025528669     
         369   3049.9714656917522     
         370   3074.5155998740374     
         371   3086.7006570403214     
         372   3111.4782875800483     
         373   3123.7248174111069     
         374   3148.7402688889965     
         375   3161.0490716642712     
         376   3186.3020082021644     
         377   3198.6737951454643     
         378   3224.1682702287621     
         379   3236.6024968975653     
         380   3262.3400102550759     
         381   3274.8374284734159     
         382   3300.8216670364791     
         383   3313.3803474519759     
         384   3339.6148049613939     
         385   3352.2355578258912     
         386   3378.7233617546040     
         387   3391.4030278404875     
         388   3418.1496125353483     
         389   3430.8891837244714     
         390   3457.8968513057698     
         391   3470.6922696361157     
         392   3497.9681470492092     
         393   3510.8207781790620     
         394   3538.3660578164377     
         395   3551.2713991846249     
         396   3579.0945077531874     
         397   3592.0544982146839     
         398   3620.1552907643118     
         399   3633.1654828936030     
         400   3661.5532200148809     
         401   3674.6162592728238     
         402   3703.2893685472914     
         403   3716.4013218625473     
         404   3745.3694371258816     
         405   3758.5336568406451     
         406   3787.7938934059348     
         407   3801.0073029853261     
         408   3830.5692798642190     
         409   3843.8357626726229     
         410   3873.6956406185182     
         411   3887.0131519449046     
         412   3917.1802605210937     
         413   3930.5528576682941     
         414   3961.0229968227100     
         415   3974.4496638204309     
         416   4005.2317173172173     
         417   4018.7161858524655     
         418   4049.8063679457355     
         419   4063.3484994324676     
         420   4094.7551781908724     
         421   4108.3578152850150     
         422   4140.0784787544071     
         423   4153.7421255112486     
         424   4185.7845836604920     
         425   4199.5106710800610     
         426   4231.8745064797522     
         427   4245.6639468404210     
         428   4278.3563284464790     
         429   4292.2087686261784     
         430   4325.2320297276265     
         431   4339.1486365928531     
         432   4372.5091273065955     
         433   4386.4876307677741     
         434   4420.1908240984176     
         435   4434.2326267808176     
         436   4468.2837618270087     
         437   4482.3848305636866     
         438   4516.7925843791136     
         439   4530.9546828922730     
         440   4565.7228065721147     
         441   4579.9405694460220     
         442   4615.0806842832353     
         443   4629.3564629457051     
         444   4664.8704507535349     
         445   4679.1981864175850     
         446   4715.1000872079076     
         447   4729.4829582938764     
         448   4765.7725183930752     
         449   4780.2045038303886     
         450   4816.8974933398940     
         451   4831.3827369653454     
         452   4868.4767488204043     
         453   4883.0099527584580     
         454   4920.5217570840032     
         455   4935.1079605960294     
         456   4973.0333410005605     
         457   4987.6684822342149     
         458   5026.0245469698348     
         459   5040.7142143611036     
         460   5079.4957032822267     
         461   5094.2373276400622     
         462   5133.4611615569220     
         463   5148.2602571820735     
         464   5187.9212979663471     
         465   5202.7767724806790     
         466   5242.8913721899744     
         467   5257.8078440231948     
         468   5298.3724401453628     
         469   5313.3500633378544     
         470   5354.3801491099803     
         471   5369.4217761224982     
         472   5410.9169145350088     
         473   5426.0236190797013     
         474   5467.9981522641092     
         475   5483.1702947994863     
         476   5525.6283208221275     
         477   5540.8676161550902     
         478   5583.8219361686215     
         479   5599.1258602766002     
         480   5642.5861449120557     
         481   5657.9569473771162     
         482   5701.9339188610484     
         483   5717.3662672717937     
         484   5761.8756609193006     
         485   5777.3724621929796     
         486   5822.4222705041229     
         487   5837.9759648985346     
         488   5883.5878626129452     
         489   5899.2023231638041     
         490   5945.3809504305909     
         491   5961.0473912674361     
         492   6007.8196676508078     
         493   6023.5432782145872     
         494   6070.9101324669973     
         495   6086.6821255516761     
         496   6134.6746130796564     
         497   6150.5016726653157     
         498   6199.1171987167681     
         499   6214.9917207187291     
         500   6264.2641700068534     
         501   6280.1941213891951     
         502   6330.1183663905967     
         503   6346.0982106824149     
         504   6396.7096725247911     
         505   6412.7479181987246     
         506   6464.0408704471374     
         507   6480.1344586587356     
         508   6532.1447145168377     
         509   6548.3014335765001     
         510   6601.0254934897330     
         511   6617.2446727393981     
         512   6670.7177573400304     
         513   6687.0048799925898     
         514   6741.2291563879580     
         515   6757.5854975335642     
         516   6812.5946574802019     
         517   6829.0218523858312     
         518   6884.8273059254243     
         519   6901.3280592744522     
         520   6957.9609112484650     
         521   6974.5319617611622     
         522   7032.0159953447155     
         523   7048.6611996205393     
         524   7107.0236421905693     
         525   7123.7346949646781     
         526   7183.0138423745238     
         527   7199.7959197571008     
         528   7260.0136864509395     
         529   7276.8544055034909     
         530   7338.0643933442980     
         531   7354.9708341183514     
         532   7417.1884588394269     
         533   7434.1461430262525     
         534   7497.4397005638721     
         535   7514.4582883793291     
         536   7578.8364848200572     
         537   7595.9019638291493     
         538   7661.4460266353053     
         539   7678.5708416891457     
         540   7745.2844847858451     
         541   7762.4575496606622     
         542   7830.4324888093252     
         543   7847.6681571786439     
         544   7916.9077056873793     
         545   7934.1994770985284     
         546   8004.8032005698196     
         547   8022.1650178563095     
         548   8094.1439036656020     
         549   8111.5742859162401     
         550   8185.0331886255944     
         551   8202.5420759840963     
         552   8277.5111708051736     
         553   8295.1014151399795     
         554   8371.6883013286824     
         555   8389.3618414009397     
         556   8467.6299848781946     
         557   8485.3929028243092     
         558   8565.4498769789971     
         559   8583.2931623996956     
         560   8665.2509170012745     
         561   8683.1834216879270     
         562   8767.1466358802209     
         563   8785.1481214586747     
         564   8871.2918967211499     
         565   8889.3749833688689     
         566   8977.7996177141358     
         567   8995.9362924997458     
         568   9086.8932913586232     
         569   9105.1021982330294     
         570   9198.6915258192184     
         571   9216.9437954816913     
         572   9313.5060183494734     
         573   9331.8280271825079     
         574   9431.4807771683591     
         575   9449.8511555830755     
         576   9553.0396753077948     
         577   9571.4904370069034     
         578   9678.3968414474275     
         579   9696.9205647325343     
         580   9808.1211457431509     
         581   9826.7461946226431     
         582   9942.5891571019238     
         583   9961.3236681896306     
         584   10082.570474161830     
         585   10101.421738848427     
         586   10228.795617956888     
         587   10247.784551778755     
         588   10382.362065802443     
         589   10401.454151166356     
         590   10544.791633138451     
         591   10564.020256133292     
         592   10717.902669132725     
         593   10737.181083716312     
         594   10905.256589924771     
         595   10924.646308782030     
         596   11111.115925682454     
         597   11130.503468731942     
         598   11346.837003530900     
         599   11366.356504251993     
         600   11635.106627899480     
         601   11654.768595704058     
