  -2000.0000000000000        7.6621543318442625E-008
  -1996.0000000000000        9.4167020601545334E-008
  -1992.0000000000000        1.1555146926635092E-007
  -1988.0000000000000        1.4157218399763601E-007
  -1984.0000000000000        1.7318220854144504E-007
  -1980.0000000000000        2.1151857692026133E-007
  -1976.0000000000000        2.5793520926634239E-007
  -1972.0000000000000        3.1404113370988122E-007
  -1968.0000000000000        3.8174478360284776E-007
  -1964.0000000000000        4.6330520248910954E-007
  -1960.0000000000000        5.6139107721317052E-007
  -1956.0000000000000        6.7914861173471122E-007
  -1952.0000000000000        8.2027934965831682E-007
  -1948.0000000000000        9.8912915096059281E-007
  -1944.0000000000000        1.1907896263055942E-006
  -1940.0000000000000        1.4312134286819009E-006
  -1936.0000000000000        1.7173448944128532E-006
  -1932.0000000000000        2.0572676109211231E-006
  -1928.0000000000000        2.4603705634517331E-006
  -1924.0000000000000        2.9375345731629558E-006
  -1920.0000000000000        3.5013407798332331E-006
  -1916.0000000000000        4.1663029385068379E-006
  -1912.0000000000000        4.9491252846255952E-006
  -1908.0000000000000        5.8689876698327927E-006
  -1904.0000000000000        6.9478595732831858E-006
  -1900.0000000000000        8.2108444429662896E-006
  -1896.0000000000000        9.6865556097252728E-006
  -1892.0000000000000        1.1407524734412346E-005
  -1888.0000000000000        1.3410643386774769E-005
  -1884.0000000000000        1.5737637903969775E-005
  -1880.0000000000000        1.8435577127992991E-005
  -1876.0000000000000        2.1557411966172273E-005
  -1872.0000000000000        2.5162544949478379E-005
  -1868.0000000000000        2.9317427073174504E-005
  -1864.0000000000000        3.4096178188436249E-005
  -1860.0000000000000        3.9581226069388090E-005
  -1856.0000000000000        4.5863958007647859E-005
  -1852.0000000000000        5.3045377389488689E-005
  -1848.0000000000000        6.1236756196630238E-005
  -1844.0000000000000        7.0560272752705758E-005
  -1840.0000000000000        8.1149622331168944E-005
  -1836.0000000000000        9.3150586470280760E-005
  -1832.0000000000000        1.0672154503699706E-004
  -1828.0000000000000        1.2203391328107325E-004
  -1824.0000000000000        1.3927248436813416E-004
  -1820.0000000000000        1.5863565622800682E-004
  -1816.0000000000000        1.8033552006211596E-004
  -1812.0000000000000        2.0459778658864493E-004
  -1808.0000000000000        2.3166152514080457E-004
  -1804.0000000000000        2.6177869015235085E-004
  -1800.0000000000000        2.9521340945102740E-004
  -1796.0000000000000        3.3224100922369510E-004
  -1792.0000000000000        3.7314675160635493E-004
  -1788.0000000000000        4.1822426267765369E-004
  -1784.0000000000000        4.6777363127938922E-004
  -1780.0000000000000        5.2209916263056748E-004
  -1776.0000000000000        5.8150677520664429E-004
  -1772.0000000000000        6.4630103487443239E-004
  -1768.0000000000000        7.1678182683390592E-004
  -1764.0000000000000        7.9324067352698133E-004
  -1760.0000000000000        8.7595671530436045E-004
  -1756.0000000000000        9.6519238023632834E-004
  -1752.0000000000000        1.0611887799134806E-003
  -1748.0000000000000        1.1641608792686726E-003
  -1744.0000000000000        1.2742925001756329E-003
  -1740.0000000000000        1.3917312306082905E-003
  -1736.0000000000000        1.5165833231968440E-003
  -1732.0000000000000        1.6489086787600487E-003
  -1728.0000000000000        1.7887160214530779E-003
  -1724.0000000000000        1.9359583821320909E-003
  -1720.0000000000000        2.0905290149483714E-003
  -1716.0000000000000        2.2522578785743454E-003
  -1712.0000000000000        2.4209088173446094E-003
  -1708.0000000000000        2.5961775784823101E-003
  -1704.0000000000000        2.7776907990109162E-003
  -1700.0000000000000        2.9650060894935884E-003
  -1696.0000000000000        3.1576133310314233E-003
  -1692.0000000000000        3.3549372866954193E-003
  -1688.0000000000000        3.5563416085833562E-003
  -1684.0000000000000        3.7611342969220531E-003
  -1680.0000000000000        3.9685746381654041E-003
  -1676.0000000000000        4.1778816151281685E-003
  -1672.0000000000000        4.3882437442847059E-003
  -1668.0000000000000        4.5988302540855624E-003
  -1664.0000000000000        4.8088034743458651E-003
  -1660.0000000000000        5.0173322614784615E-003
  -1656.0000000000000        5.2236062388164081E-003
  -1652.0000000000000        5.4268505869111043E-003
  -1648.0000000000000        5.6263410770679111E-003
  -1644.0000000000000        5.8214190041684646E-003
  -1640.0000000000000        6.0115056437806567E-003
  -1636.0000000000000        6.1961158354335247E-003
  -1632.0000000000000        6.3748702804416859E-003
  -1628.0000000000000        6.5475061403960080E-003
  -1624.0000000000000        6.7138855327700288E-003
  -1620.0000000000000        6.8740015441384689E-003
  -1616.0000000000000        7.0279814199995490E-003
  -1612.0000000000000        7.1760866434500735E-003
  -1608.0000000000000        7.3187096827736350E-003
  -1604.0000000000000        7.4563672696020449E-003
  -1600.0000000000000        7.5896901633343075E-003
  -1596.0000000000000        7.7194094619340344E-003
  -1592.0000000000000        7.8463396314525351E-003
  -1588.0000000000000        7.9713585434216059E-003
  -1584.0000000000000        8.0953849268468221E-003
  -1580.0000000000000        8.2193537556987731E-003
  -1576.0000000000000        8.3441901989903290E-003
  -1572.0000000000000        8.4707828540010240E-003
  -1568.0000000000000        8.5999570592234960E-003
  -1564.0000000000000        8.7324491375957124E-003
  -1560.0000000000000        8.8688824484014547E-003
  -1556.0000000000000        9.0097461243335893E-003
  -1552.0000000000000        9.1553773359458711E-003
  -1548.0000000000000        9.3059478574423014E-003
  -1544.0000000000000        9.4614556050969193E-003
  -1540.0000000000000        9.6217216835732793E-003
  -1536.0000000000000        9.7863933085557218E-003
  -1532.0000000000000        9.9549527804770870E-003
  -1528.0000000000000        1.0126732469349977E-002
  -1524.0000000000000        1.0300935541829148E-002
  -1520.0000000000000        1.0476661926972304E-002
  -1516.0000000000000        1.0652938786085569E-002
  -1512.0000000000000        1.0828754534575130E-002
  -1508.0000000000000        1.1003095270246578E-002
  -1504.0000000000000        1.1174982303191592E-002
  -1500.0000000000000        1.1343509366873068E-002
  -1496.0000000000000        1.1507878026664241E-002
  -1492.0000000000000        1.1667429797705514E-002
  -1488.0000000000000        1.1821673543117901E-002
  -1484.0000000000000        1.1970306848444773E-002
  -1480.0000000000000        1.2113230257827363E-002
  -1476.0000000000000        1.2250553507921248E-002
  -1472.0000000000000        1.2382593199745088E-002
  -1468.0000000000000        1.2509861696222905E-002
  -1464.0000000000000        1.2633047410898124E-002
  -1460.0000000000000        1.2752987045447358E-002
  -1456.0000000000000        1.2870630722545693E-002
  -1452.0000000000000        1.2987001327477751E-002
  -1448.0000000000000        1.3103149697479034E-002
  -1444.0000000000000        1.3220107563566522E-002
  -1440.0000000000000        1.3338840338660788E-002
  -1436.0000000000000        1.3460201943868195E-002
  -1432.0000000000000        1.3584893861238102E-002
  -1428.0000000000000        1.3713430489990609E-002
  -1424.0000000000000        1.3846112663132548E-002
  -1420.0000000000000        1.3983010857168755E-002
  -1416.0000000000000        1.4123959209711674E-002
  -1412.0000000000000        1.4268560964320840E-002
  -1408.0000000000000        1.4416205410224073E-002
  -1404.0000000000000        1.4566095802507742E-002
  -1400.0000000000000        1.4717287165086430E-002
  -1396.0000000000000        1.4868732325429830E-002
  -1392.0000000000000        1.5019334038151850E-002
  -1388.0000000000000        1.5168000654290342E-002
  -1384.0000000000000        1.5313702511361113E-002
  -1380.0000000000000        1.5455526078010630E-002
  -1376.0000000000000        1.5592722901698698E-002
  -1372.0000000000000        1.5724750585749497E-002
  -1368.0000000000000        1.5851303361845953E-002
  -1364.0000000000000        1.5972330314695856E-002
  -1360.0000000000000        1.6088039936841367E-002
  -1356.0000000000000        1.6198890414253288E-002
  -1352.0000000000000        1.6305565830606893E-002
  -1348.0000000000000        1.6408939287190640E-002
  -1344.0000000000000        1.6510024719735835E-002
  -1340.0000000000000        1.6609919905405869E-002
  -1336.0000000000000        1.6709743746818315E-002
  -1332.0000000000000        1.6810571354016247E-002
  -1328.0000000000000        1.6913370686018152E-002
  -1324.0000000000000        1.7018944537303106E-002
  -1320.0000000000000        1.7127881449886789E-002
  -1316.0000000000000        1.7240518700726366E-002
  -1312.0000000000000        1.7356919873596399E-002
  -1308.0000000000000        1.7476868704972316E-002
  -1304.0000000000000        1.7599879938463153E-002
  -1300.0000000000000        1.7725226886477725E-002
  -1296.0000000000000        1.7851984343548420E-002
  -1292.0000000000000        1.7979084489875119E-002
  -1288.0000000000000        1.8105382533097972E-002
  -1284.0000000000000        1.8229728123729246E-002
  -1280.0000000000000        1.8351038098988203E-002
  -1276.0000000000000        1.8468365902149099E-002
  -1272.0000000000000        1.8580963114787151E-002
  -1268.0000000000000        1.8688328933536481E-002
  -1264.0000000000000        1.8790244106963061E-002
  -1260.0000000000000        1.8886786787345327E-002
  -1256.0000000000000        1.8978328893019491E-002
  -1252.0000000000000        1.9065512849641551E-002
  -1248.0000000000000        1.9149209901163748E-002
  -1244.0000000000000        1.9230462464356474E-002
  -1240.0000000000000        1.9310414153939651E-002
  -1236.0000000000000        1.9390232043646725E-002
  -1232.0000000000000        1.9471026378106885E-002
  -1228.0000000000000        1.9553773254940288E-002
  -1224.0000000000000        1.9639245721764412E-002
  -1220.0000000000000        1.9727958270555009E-002
  -1216.0000000000000        1.9820128881218070E-002
  -1212.0000000000000        1.9915661614068752E-002
  -1208.0000000000000        2.0014151349271661E-002
  -1204.0000000000000        2.0114910713500089E-002
  -1200.0000000000000        2.0217017628675369E-002
  -1196.0000000000000        2.0319380381094140E-002
  -1192.0000000000000        2.0420815757442139E-002
  -1188.0000000000000        2.0520134733776896E-002
  -1184.0000000000000        2.0616229523420727E-002
  -1180.0000000000000        2.0708155553449660E-002
  -1176.0000000000000        2.0795202179401017E-002
  -1172.0000000000000        2.0876946661234488E-002
  -1168.0000000000000        2.0953287071279102E-002
  -1164.0000000000000        2.1024451312875333E-002
  -1160.0000000000000        2.1090981192000820E-002
  -1156.0000000000000        2.1153692375005879E-002
  -1152.0000000000000        2.1213612940743452E-002
  -1148.0000000000000        2.1271904947987755E-002
  -1144.0000000000000        2.1329774849831222E-002
  -1140.0000000000000        2.1388379575431590E-002
  -1136.0000000000000        2.1448735575118005E-002
  -1132.0000000000000        2.1511638034378326E-002
  -1128.0000000000000        2.1577596796168691E-002
  -1124.0000000000000        2.1646794325956037E-002
  -1120.0000000000000        2.1719069391441949E-002
  -1116.0000000000000        2.1793928130520401E-002
  -1112.0000000000000        2.1870581999685324E-002
  -1108.0000000000000        2.1948009903884663E-002
  -1104.0000000000000        2.2025039787277025E-002
  -1100.0000000000000        2.2100443283833107E-002
  -1096.0000000000000        2.2173035835763025E-002
  -1092.0000000000000        2.2241774098748647E-002
  -1088.0000000000000        2.2305842531435388E-002
  -1084.0000000000000        2.2364721823964515E-002
  -1080.0000000000000        2.2418233210869595E-002
  -1076.0000000000000        2.2466554636600428E-002
  -1072.0000000000000        2.2510207048016904E-002
  -1068.0000000000000        2.2550011590779625E-002
  -1064.0000000000000        2.2587020976546818E-002
  -1060.0000000000000        2.2622430550921092E-002
  -1056.0000000000000        2.2657476427157184E-002
  -1052.0000000000000        2.2693329287950637E-002
  -1048.0000000000000        2.2730992974620438E-002
  -1044.0000000000000        2.2771216716640553E-002
  -1040.0000000000000        2.2814428808829699E-002
  -1036.0000000000000        2.2860697791540180E-002
  -1032.0000000000000        2.2909724868534490E-002
  -1028.0000000000000        2.2960868599999063E-002
  -1024.0000000000000        2.3013200065395808E-002
  -1020.0000000000000        2.3065583953129885E-002
  -1016.0000000000000        2.3116778649270558E-002
  -1012.0000000000000        2.3165546588677737E-002
  -1008.0000000000000        2.3210765075565212E-002
  -1004.0000000000000        2.3251527589829041E-002
  -1000.0000000000000        2.3287226307415292E-002
  -996.00000000000000        2.3317608133001055E-002
  -992.00000000000000        2.3342798846626593E-002
  -988.00000000000000        2.3363292807146677E-002
  -984.00000000000000        2.3379908784079018E-002
  -980.00000000000000        2.3393715622166644E-002
  -976.00000000000000        2.3405934288666348E-002
  -972.00000000000000        2.3417825140476155E-002
  -968.00000000000000        2.3430570750744110E-002
  -964.00000000000000        2.3445165194840630E-002
  -960.00000000000000        2.3462320240892988E-002
  -956.00000000000000        2.3482397442230074E-002
  -952.00000000000000        2.3505372804780763E-002
  -948.00000000000000        2.3530837704803173E-002
  -944.00000000000000        2.3558036333700783E-002
  -940.00000000000000        2.3585936464435370E-002
  -936.00000000000000        2.3613327101069018E-002
  -932.00000000000000        2.3638933905813769E-002
  -928.00000000000000        2.3661541465755179E-002
  -924.00000000000000        2.3680110658248613E-002
  -920.00000000000000        2.3693879698117006E-002
  -916.00000000000000        2.3702438891380028E-002
  -912.00000000000000        2.3705771559687321E-002
  -908.00000000000000        2.3704256816381181E-002
  -904.00000000000000        2.3698633567072715E-002
  -900.00000000000000        2.3689928918954023E-002
  -896.00000000000000        2.3679357738369440E-002
  -892.00000000000000        2.3668203037349827E-002
  -888.00000000000000        2.3657688892435153E-002
  -884.00000000000000        2.3648858484238387E-002
  -880.00000000000000        2.3642469484511666E-002
  -876.00000000000000        2.3638917422958948E-002
  -872.00000000000000        2.3638194977499614E-002
  -868.00000000000000        2.3639891601666352E-002
  -864.00000000000000        2.3643233874497994E-002
  -860.00000000000000        2.3647162832648495E-002
  -856.00000000000000        2.3650440740487434E-002
  -852.00000000000000        2.3651776666214645E-002
  -848.00000000000000        2.3649958189250777E-002
  -844.00000000000000        2.3643975794082207E-002
  -840.00000000000000        2.3633127109062183E-002
  -836.00000000000000        2.3617090085906210E-002
  -832.00000000000000        2.3595957308012214E-002
  -828.00000000000000        2.3570227560877084E-002
  -824.00000000000000        2.3540755198602107E-002
  -820.00000000000000        2.3508662244427270E-002
  -816.00000000000000        2.3475222109238480E-002
  -812.00000000000000        2.3441726878431560E-002
  -808.00000000000000        2.3409351967716280E-002
  -804.00000000000000        2.3379032368086965E-002
  -800.00000000000000        2.3351363622640786E-002
  -796.00000000000000        2.3326538194360202E-002
  -792.00000000000000        2.3304324236938938E-002
  -788.00000000000000        2.3284089341240127E-002
  -784.00000000000000        2.3264867060420396E-002
  -780.00000000000000        2.3245459423021163E-002
  -776.00000000000000        2.3224564721208967E-002
  -772.00000000000000        2.3200917042817709E-002
  -768.00000000000000        2.3173422621087118E-002
  -764.00000000000000        2.3141278276475909E-002
  -760.00000000000000        2.3104059021911979E-002
  -756.00000000000000        2.3061765123955576E-002
  -752.00000000000000        2.3014823227104627E-002
  -748.00000000000000        2.2964041101433331E-002
  -744.00000000000000        2.2910520632144861E-002
  -740.00000000000000        2.2855538280434674E-002
  -736.00000000000000        2.2800405895613787E-002
  -732.00000000000000        2.2746327033695491E-002
  -728.00000000000000        2.2694264567925476E-002
  -724.00000000000000        2.2644834270217847E-002
  -720.00000000000000        2.2598236298612451E-002
  -716.00000000000000        2.2554232427743862E-002
  -712.00000000000000        2.2512171845215052E-002
  -708.00000000000000        2.2471062953979166E-002
  -704.00000000000000        2.2429683466168505E-002
  -700.00000000000000        2.2386716727486867E-002
  -696.00000000000000        2.2340899171349567E-002
  -692.00000000000000        2.2291162426765557E-002
  -688.00000000000000        2.2236754069318829E-002
  -684.00000000000000        2.2177323280865253E-002
  -680.00000000000000        2.2112961535513797E-002
  -676.00000000000000        2.2044193439745167E-002
  -672.00000000000000        2.1971918468111241E-002
  -668.00000000000000        2.1897309921279647E-002
  -664.00000000000000        2.1821682353045130E-002
  -660.00000000000000        2.1746342397375506E-002
  -656.00000000000000        2.1672439939356507E-002
  -652.00000000000000        2.1600836664728350E-002
  -648.00000000000000        2.1532007158902283E-002
  -644.00000000000000        2.1465984100013439E-002
  -640.00000000000000        2.1402354099827922E-002
  -636.00000000000000        2.1340304952347337E-002
  -632.00000000000000        2.1278719114335549E-002
  -628.00000000000000        2.1216302851373360E-002
  -624.00000000000000        2.1151736269570873E-002
  -620.00000000000000        2.1083826919875495E-002
  -616.00000000000000        2.1011649122485147E-002
  -612.00000000000000        2.0934652697625827E-002
  -608.00000000000000        2.0852728248034254E-002
  -604.00000000000000        2.0766221132892226E-002
  -600.00000000000000        2.0675892232592172E-002
  -596.00000000000000        2.0582829837944492E-002
  -592.00000000000000        2.0488322774936389E-002
  -588.00000000000000        2.0393709510747513E-002
  -584.00000000000000        2.0300220919254462E-002
  -580.00000000000000        2.0208835250574451E-002
  -576.00000000000000        2.0120162526041228E-002
  -572.00000000000000        2.0034372202854700E-002
  -568.00000000000000        1.9951172902991452E-002
  -564.00000000000000        1.9869846863998199E-002
  -560.00000000000000        1.9789335266621234E-002
  -556.00000000000000        1.9708364499253880E-002
  -552.00000000000000        1.9625598465052338E-002
  -548.00000000000000        1.9539798828658618E-002
  -544.00000000000000        1.9449974037096588E-002
  -540.00000000000000        1.9355499181024291E-002
  -536.00000000000000        1.9256192160788849E-002
  -532.00000000000000        1.9152336796556511E-002
  -528.00000000000000        1.9044649864352042E-002
  -524.00000000000000        1.8934195793681392E-002
  -520.00000000000000        1.8822259113444557E-002
  -516.00000000000000        1.8710189907537096E-002
  -512.00000000000000        1.8599240901461221E-002
  -508.00000000000000        1.8490415922394501E-002
  -504.00000000000000        1.8384348202037545E-002
  -500.00000000000000        1.8281223459301828E-002
  -496.00000000000000        1.8180757320944117E-002
  -492.00000000000000        1.8082230054936119E-002
  -488.00000000000000        1.7984574599682366E-002
  -484.00000000000000        1.7886507325798214E-002
  -480.00000000000000        1.7786685672991225E-002
  -476.00000000000000        1.7683873423123109E-002
  -472.00000000000000        1.7577093332810746E-002
  -468.00000000000000        1.7465748300988366E-002
  -464.00000000000000        1.7349696028728899E-002
  -460.00000000000000        1.7229267790985499E-002
  -456.00000000000000        1.7105228796779920E-002
  -452.00000000000000        1.6978684825767750E-002
  -448.00000000000000        1.6850946503841339E-002
  -444.00000000000000        1.6723367886273363E-002
  -440.00000000000000        1.6597179284779516E-002
  -436.00000000000000        1.6473335083744794E-002
  -432.00000000000000        1.6352395522595310E-002
  -428.00000000000000        1.6234457278314907E-002
  -424.00000000000000        1.6119141665036349E-002
  -420.00000000000000        1.6005642115451635E-002
  -416.00000000000000        1.5892825208413962E-002
  -412.00000000000000        1.5779372783543591E-002
  -408.00000000000000        1.5663947484199615E-002
  -404.00000000000000        1.5545361057275872E-002
  -400.00000000000000        1.5422724304544187E-002
  -396.00000000000000        1.5295559796742610E-002
  -392.00000000000000        1.5163863066045424E-002
  -388.00000000000000        1.5028104419695869E-002
  -384.00000000000000        1.4889170968030730E-002
  -380.00000000000000        1.4748255999466246E-002
  -376.00000000000000        1.4606709510978644E-002
  -372.00000000000000        1.4465868665557687E-002
  -368.00000000000000        1.4326889559569156E-002
  -364.00000000000000        1.4190601598315769E-002
  -360.00000000000000        1.4057402992641143E-002
  -356.00000000000000        1.3927210741584666E-002
  -352.00000000000000        1.3799471596920283E-002
  -348.00000000000000        1.3673232779184245E-002
  -344.00000000000000        1.3547263610510084E-002
  -340.00000000000000        1.3420212716849208E-002
  -336.00000000000000        1.3290780867300419E-002
  -332.00000000000000        1.3157887456534690E-002
  -328.00000000000000        1.3020809373992021E-002
  -324.00000000000000        1.2879274460472366E-002
  -320.00000000000000        1.2733497500146882E-002
  -316.00000000000000        1.2584154009125898E-002
  -312.00000000000000        1.2432295030885989E-002
  -308.00000000000000        1.2279213717602412E-002
  -304.00000000000000        1.2126280691538448E-002
  -300.00000000000000        1.1974769237598415E-002
  -296.00000000000000        1.1825692745739401E-002
  -292.00000000000000        1.1679675312313476E-002
  -288.00000000000000        1.1536872204364560E-002
  -284.00000000000000        1.1396950520554582E-002
  -280.00000000000000        1.1259132658784636E-002
  -276.00000000000000        1.1122297114365673E-002
  -272.00000000000000        1.0985123726000291E-002
  -268.00000000000000        1.0846264719132422E-002
  -264.00000000000000        1.0704519519137068E-002
  -260.00000000000000        1.0558990766119694E-002
  -256.00000000000000        1.0409201339246102E-002
  -252.00000000000000        1.0255157194449945E-002
  -248.00000000000000        1.0097347797133043E-002
  -244.00000000000000        9.9366839934762769E-003
  -240.00000000000000        9.7743812683103656E-003
  -236.00000000000000        9.6118034326919642E-003
  -232.00000000000000        9.4502869460468125E-003
  -228.00000000000000        9.2909686295514458E-003
  -224.00000000000000        9.1346391299092881E-003
  -220.00000000000000        8.9816411889978819E-003
  -216.00000000000000        8.8318259866582201E-003
  -212.00000000000000        8.6845732977604284E-003
  -208.00000000000000        8.5388729160043465E-003
  -204.00000000000000        8.3934568234336638E-003
  -200.00000000000000        8.2469649661064317E-003
  -196.00000000000000        8.0981230986149951E-003
  -192.00000000000000        7.9459095614497783E-003
  -188.00000000000000        7.7896892697757250E-003
  -184.00000000000000        7.6292974411560103E-003
  -180.00000000000000        7.4650621234431148E-003
  -176.00000000000000        7.2977625529711621E-003
  -172.00000000000000        7.1285287384924454E-003
  -168.00000000000000        6.9586953354466028E-003
  -164.00000000000000        6.7896288448764629E-003
  -160.00000000000000        6.6225506593201476E-003
  -156.00000000000000        6.4583790259515128E-003
  -152.00000000000000        6.2976105313195469E-003
  -148.00000000000000        6.1402565532633849E-003
  -144.00000000000000        5.9858429481347720E-003
  -140.00000000000000        5.8334729845495497E-003
  -136.00000000000000        5.6819452796204664E-003
  -132.00000000000000        5.5299113210480694E-003
  -128.00000000000000        5.3760520074733727E-003
  -124.00000000000000        5.2192501834032474E-003
  -120.00000000000000        5.0587367028779896E-003
  -116.00000000000000        4.8941910508132356E-003
  -112.00000000000000        4.7257835197498472E-003
  -108.00000000000000        4.5541535951217809E-003
  -104.00000000000000        4.3803275360826824E-003
  -100.00000000000000        4.2055860559813063E-003
  -96.000000000000000        4.0312994685030327E-003
  -92.000000000000000        3.8587518281909998E-003
  -88.000000000000000        3.6889769186757397E-003
  -84.000000000000000        3.5226272654722327E-003
  -80.000000000000000        3.3598929062063931E-003
  -76.000000000000000        3.2004800378503226E-003
  -72.000000000000000        3.0436517607110194E-003
  -68.000000000000000        2.8883250019525841E-003
  -64.000000000000000        2.7332104037328096E-003
  -60.000000000000000        2.5769764629670531E-003
  -56.000000000000000        2.4184162283769498E-003
  -52.000000000000000        2.2565947750664396E-003
  -48.000000000000000        2.0909584794459026E-003
  -44.000000000000000        1.9213924152065901E-003
  -40.000000000000000        1.7482192605871593E-003
  -36.000000000000000        1.5721409916387471E-003
  -32.000000000000000        1.3941322745582864E-003
  -28.000000000000000        1.2153008395419315E-003
  -24.000000000000000        1.0367343712664324E-003
  -20.000000000000000        8.5935502762106680E-004
  -16.000000000000000        6.8380140186260748E-004
  -12.000000000000000        5.1035376513227488E-004
  -8.0000000000000000        3.3891231867364094E-004
  -4.0000000000000000        1.6903078647056117E-004
   0.0000000000000000       -1.6865126618036017E-015
   4.0000000000000000       -1.6903078647392220E-004
   8.0000000000000000       -3.3891231867696846E-004
   12.000000000000000       -5.1035376513554624E-004
   16.000000000000000       -6.8380140186579904E-004
   20.000000000000000       -8.5935502762416436E-004
   24.000000000000000       -1.0367343712694187E-003
   28.000000000000000       -1.2153008395447899E-003
   32.000000000000000       -1.3941322745610078E-003
   36.000000000000000       -1.5721409916413271E-003
   40.000000000000000       -1.7482192605895854E-003
   44.000000000000000       -1.9213924152088691E-003
   48.000000000000000       -2.0909584794480277E-003
   52.000000000000000       -2.2565947750684177E-003
   56.000000000000000       -2.4184162283787838E-003
   60.000000000000000       -2.5769764629687453E-003
   64.000000000000000       -2.7332104037343630E-003
   68.000000000000000       -2.8883250019540066E-003
   72.000000000000000       -3.0436517607123135E-003
   76.000000000000000       -3.2004800378514909E-003
   80.000000000000000       -3.3598929062074391E-003
   84.000000000000000       -3.5226272654731495E-003
   88.000000000000000       -3.6889769186765333E-003
   92.000000000000000       -3.8587518281916599E-003
   96.000000000000000       -4.0312994685035549E-003
   100.00000000000000       -4.2055860559816957E-003
   104.00000000000000       -4.3803275360829322E-003
   108.00000000000000       -4.5541535951218884E-003
   112.00000000000000       -4.7257835197498082E-003
   116.00000000000000       -4.8941910508130577E-003
   120.00000000000000       -5.0587367028776661E-003
   124.00000000000000       -5.2192501834027764E-003
   128.00000000000000       -5.3760520074727647E-003
   132.00000000000000       -5.5299113210473235E-003
   136.00000000000000       -5.6819452796195956E-003
   140.00000000000000       -5.8334729845485453E-003
   144.00000000000000       -5.9858429481336496E-003
   148.00000000000000       -6.1402565532621307E-003
   152.00000000000000       -6.2976105313181730E-003
   156.00000000000000       -6.4583790259500123E-003
   160.00000000000000       -6.6225506593185117E-003
   164.00000000000000       -6.7896288448747021E-003
   168.00000000000000       -6.9586953354447050E-003
   172.00000000000000       -7.1285287384904176E-003
   176.00000000000000       -7.2977625529689937E-003
   180.00000000000000       -7.4650621234407990E-003
   184.00000000000000       -7.6292974411535487E-003
   188.00000000000000       -7.7896892697731125E-003
   192.00000000000000       -7.9459095614470253E-003
   196.00000000000000       -8.0981230986120964E-003
   200.00000000000000       -8.2469649661033907E-003
   204.00000000000000       -8.3934568234304962E-003
   208.00000000000000       -8.5388729160010383E-003
   212.00000000000000       -8.6845732977569867E-003
   216.00000000000000       -8.8318259866546414E-003
   220.00000000000000       -8.9816411889941852E-003
   224.00000000000000       -9.1346391299054665E-003
   228.00000000000000       -9.2909686295474855E-003
   232.00000000000000       -9.4502869460427151E-003
   236.00000000000000       -9.6118034326877454E-003
   240.00000000000000       -9.7743812683060167E-003
   244.00000000000000       -9.9366839934717944E-003
   248.00000000000000       -1.0097347797128405E-002
   252.00000000000000       -1.0255157194445180E-002
   256.00000000000000       -1.0409201339241194E-002
   260.00000000000000       -1.0558990766114641E-002
   264.00000000000000       -1.0704519519131877E-002
   268.00000000000000       -1.0846264719127099E-002
   272.00000000000000       -1.0985123725994838E-002
   276.00000000000000       -1.1122297114360094E-002
   280.00000000000000       -1.1259132658778918E-002
   284.00000000000000       -1.1396950520548751E-002
   288.00000000000000       -1.1536872204358619E-002
   292.00000000000000       -1.1679675312307420E-002
   296.00000000000000       -1.1825692745733214E-002
   300.00000000000000       -1.1974769237592107E-002
   304.00000000000000       -1.2126280691532001E-002
   308.00000000000000       -1.2279213717595855E-002
   312.00000000000000       -1.2432295030879300E-002
   316.00000000000000       -1.2584154009119070E-002
   320.00000000000000       -1.2733497500139929E-002
   324.00000000000000       -1.2879274460465285E-002
   328.00000000000000       -1.3020809373984801E-002
   332.00000000000000       -1.3157887456527332E-002
   336.00000000000000       -1.3290780867292946E-002
   340.00000000000000       -1.3420212716841599E-002
   344.00000000000000       -1.3547263610502357E-002
   348.00000000000000       -1.3673232779176384E-002
   352.00000000000000       -1.3799471596912317E-002
   356.00000000000000       -1.3927210741576568E-002
   360.00000000000000       -1.4057402992632938E-002
   364.00000000000000       -1.4190601598307467E-002
   368.00000000000000       -1.4326889559560725E-002
   372.00000000000000       -1.4465868665549149E-002
   376.00000000000000       -1.4606709510969988E-002
   380.00000000000000       -1.4748255999457486E-002
   384.00000000000000       -1.4889170968021824E-002
   388.00000000000000       -1.5028104419686845E-002
   392.00000000000000       -1.5163863066036282E-002
   396.00000000000000       -1.5295559796733343E-002
   400.00000000000000       -1.5422724304534795E-002
   404.00000000000000       -1.5545361057266362E-002
   408.00000000000000       -1.5663947484189967E-002
   412.00000000000000       -1.5779372783533849E-002
   416.00000000000000       -1.5892825208404109E-002
   420.00000000000000       -1.6005642115441667E-002
   424.00000000000000       -1.6119141665026277E-002
   428.00000000000000       -1.6234457278304713E-002
   432.00000000000000       -1.6352395522585009E-002
   436.00000000000000       -1.6473335083734407E-002
   440.00000000000000       -1.6597179284768997E-002
   444.00000000000000       -1.6723367886262747E-002
   448.00000000000000       -1.6850946503830601E-002
   452.00000000000000       -1.6978684825756905E-002
   456.00000000000000       -1.7105228796768970E-002
   460.00000000000000       -1.7229267790974414E-002
   464.00000000000000       -1.7349696028717637E-002
   468.00000000000000       -1.7465748300977024E-002
   472.00000000000000       -1.7577093332799297E-002
   476.00000000000000       -1.7683873423111531E-002
   480.00000000000000       -1.7786685672979530E-002
   484.00000000000000       -1.7886507325786401E-002
   488.00000000000000       -1.7984574599670452E-002
   492.00000000000000       -1.8082230054924070E-002
   496.00000000000000       -1.8180757320931988E-002
   500.00000000000000       -1.8281223459289599E-002
   504.00000000000000       -1.8384348202025197E-002
   508.00000000000000       -1.8490415922382063E-002
   512.00000000000000       -1.8599240901448655E-002
   516.00000000000000       -1.8710189907524419E-002
   520.00000000000000       -1.8822259113431782E-002
   524.00000000000000       -1.8934195793668510E-002
   528.00000000000000       -1.9044649864339045E-002
   532.00000000000000       -1.9152336796543403E-002
   536.00000000000000       -1.9256192160775610E-002
   540.00000000000000       -1.9355499181010948E-002
   544.00000000000000       -1.9449974037083123E-002
   548.00000000000000       -1.9539798828645046E-002
   552.00000000000000       -1.9625598465038672E-002
   556.00000000000000       -1.9708364499240089E-002
   560.00000000000000       -1.9789335266607352E-002
   564.00000000000000       -1.9869846863984211E-002
   568.00000000000000       -1.9951172902977387E-002
   572.00000000000000       -2.0034372202840541E-002
   576.00000000000000       -2.0120162526026993E-002
   580.00000000000000       -2.0208835250560119E-002
   584.00000000000000       -2.0300220919240018E-002
   588.00000000000000       -2.0393709510732987E-002
   592.00000000000000       -2.0488322774921772E-002
   596.00000000000000       -2.0582829837929778E-002
   600.00000000000000       -2.0675892232577354E-002
   604.00000000000000       -2.0766221132877322E-002
   608.00000000000000       -2.0852728248019248E-002
   612.00000000000000       -2.0934652697610728E-002
   616.00000000000000       -2.1011649122469934E-002
   620.00000000000000       -2.1083826919860198E-002
   624.00000000000000       -2.1151736269555469E-002
   628.00000000000000       -2.1216302851357879E-002
   632.00000000000000       -2.1278719114319979E-002
   636.00000000000000       -2.1340304952331721E-002
   640.00000000000000       -2.1402354099812223E-002
   644.00000000000000       -2.1465984099997674E-002
   648.00000000000000       -2.1532007158886420E-002
   652.00000000000000       -2.1600836664712384E-002
   656.00000000000000       -2.1672439939340520E-002
   660.00000000000000       -2.1746342397359435E-002
   664.00000000000000       -2.1821682353028976E-002
   668.00000000000000       -2.1897309921263416E-002
   672.00000000000000       -2.1971918468094924E-002
   676.00000000000000       -2.2044193439728767E-002
   680.00000000000000       -2.2112961535497307E-002
   684.00000000000000       -2.2177323280848687E-002
   688.00000000000000       -2.2236754069302183E-002
   692.00000000000000       -2.2291162426748837E-002
   696.00000000000000       -2.2340899171332761E-002
   700.00000000000000       -2.2386716727469995E-002
   704.00000000000000       -2.2429683466151588E-002
   708.00000000000000       -2.2471062953962177E-002
   712.00000000000000       -2.2512171845198013E-002
   716.00000000000000       -2.2554232427726771E-002
   720.00000000000000       -2.2598236298595305E-002
   724.00000000000000       -2.2644834270200653E-002
   728.00000000000000       -2.2694264567908230E-002
   732.00000000000000       -2.2746327033678189E-002
   736.00000000000000       -2.2800405895596464E-002
   740.00000000000000       -2.2855538280417278E-002
   744.00000000000000       -2.2910520632127392E-002
   748.00000000000000       -2.2964041101415828E-002
   752.00000000000000       -2.3014823227087068E-002
   756.00000000000000       -2.3061765123937965E-002
   760.00000000000000       -2.3104059021894295E-002
   764.00000000000000       -2.3141278276458181E-002
   768.00000000000000       -2.3173422621069317E-002
   772.00000000000000       -2.3200917042799883E-002
   776.00000000000000       -2.3224564721191110E-002
   780.00000000000000       -2.3245459423003288E-002
   784.00000000000000       -2.3264867060402435E-002
   788.00000000000000       -2.3284089341222173E-002
   792.00000000000000       -2.3304324236920949E-002
   796.00000000000000       -2.3326538194342186E-002
   800.00000000000000       -2.3351363622622742E-002
   804.00000000000000       -2.3379032368068903E-002
   808.00000000000000       -2.3409351967698187E-002
   812.00000000000000       -2.3441726878413418E-002
   816.00000000000000       -2.3475222109220321E-002
   820.00000000000000       -2.3508662244409083E-002
   824.00000000000000       -2.3540755198583858E-002
   828.00000000000000       -2.3570227560858827E-002
   832.00000000000000       -2.3595957307993919E-002
   836.00000000000000       -2.3617090085887877E-002
   840.00000000000000       -2.3633127109043802E-002
   844.00000000000000       -2.3643975794063812E-002
   848.00000000000000       -2.3649958189232344E-002
   852.00000000000000       -2.3651776666196198E-002
   856.00000000000000       -2.3650440740468976E-002
   860.00000000000000       -2.3647162832630009E-002
   864.00000000000000       -2.3643233874479481E-002
   868.00000000000000       -2.3639891601647835E-002
   872.00000000000000       -2.3638194977481080E-002
   876.00000000000000       -2.3638917422940435E-002
   880.00000000000000       -2.3642469484493136E-002
   884.00000000000000       -2.3648858484219864E-002
   888.00000000000000       -2.3657688892416599E-002
   892.00000000000000       -2.3668203037331265E-002
   896.00000000000000       -2.3679357738350889E-002
   900.00000000000000       -2.3689928918935430E-002
   904.00000000000000       -2.3698633567054105E-002
   908.00000000000000       -2.3704256816362550E-002
   912.00000000000000       -2.3705771559668670E-002
   916.00000000000000       -2.3702438891361376E-002
   920.00000000000000       -2.3693879698098309E-002
   924.00000000000000       -2.3680110658229923E-002
   928.00000000000000       -2.3661541465736468E-002
   932.00000000000000       -2.3638933905795068E-002
   936.00000000000000       -2.3613327101050317E-002
   940.00000000000000       -2.3585936464416649E-002
   944.00000000000000       -2.3558036333682118E-002
   948.00000000000000       -2.3530837704784500E-002
   952.00000000000000       -2.3505372804762122E-002
   956.00000000000000       -2.3482397442211447E-002
   960.00000000000000       -2.3462320240874353E-002
   964.00000000000000       -2.3445165194822003E-002
   968.00000000000000       -2.3430570750725507E-002
   972.00000000000000       -2.3417825140457562E-002
   976.00000000000000       -2.3405934288647755E-002
   980.00000000000000       -2.3393715622148051E-002
   984.00000000000000       -2.3379908784060436E-002
   988.00000000000000       -2.3363292807128094E-002
   992.00000000000000       -2.3342798846608007E-002
   996.00000000000000       -2.3317608132982483E-002
   1000.0000000000000       -2.3287226307396703E-002
   1004.0000000000000       -2.3251527589810472E-002
   1008.0000000000000       -2.3210765075546674E-002
   1012.0000000000000       -2.3165546588659193E-002
   1016.0000000000000       -2.3116778649252046E-002
   1020.0000000000000       -2.3065583953111393E-002
   1024.0000000000000       -2.3013200065377350E-002
   1028.0000000000000       -2.2960868599980609E-002
   1032.0000000000000       -2.2909724868516081E-002
   1036.0000000000000       -2.2860697791521806E-002
   1040.0000000000000       -2.2814428808811370E-002
   1044.0000000000000       -2.2771216716622251E-002
   1048.0000000000000       -2.2730992974602168E-002
   1052.0000000000000       -2.2693329287932395E-002
   1056.0000000000000       -2.2657476427138980E-002
   1060.0000000000000       -2.2622430550902919E-002
   1064.0000000000000       -2.2587020976528663E-002
   1068.0000000000000       -2.2550011590761487E-002
   1072.0000000000000       -2.2510207047998800E-002
   1076.0000000000000       -2.2466554636582346E-002
   1080.0000000000000       -2.2418233210851530E-002
   1084.0000000000000       -2.2364721823946471E-002
   1088.0000000000000       -2.2305842531417357E-002
   1092.0000000000000       -2.2241774098730679E-002
   1096.0000000000000       -2.2173035835745092E-002
   1100.0000000000000       -2.2100443283815208E-002
   1104.0000000000000       -2.2025039787259188E-002
   1108.0000000000000       -2.1948009903866882E-002
   1112.0000000000000       -2.1870581999667599E-002
   1116.0000000000000       -2.1793928130502703E-002
   1120.0000000000000       -2.1719069391424321E-002
   1124.0000000000000       -2.1646794325938488E-002
   1128.0000000000000       -2.1577596796151205E-002
   1132.0000000000000       -2.1511638034360885E-002
   1136.0000000000000       -2.1448735575100634E-002
   1140.0000000000000       -2.1388379575414264E-002
   1144.0000000000000       -2.1329774849813968E-002
   1148.0000000000000       -2.1271904947970540E-002
   1152.0000000000000       -2.1213612940726278E-002
   1156.0000000000000       -2.1153692374988764E-002
   1160.0000000000000       -2.1090981191983736E-002
   1164.0000000000000       -2.1024451312858312E-002
   1168.0000000000000       -2.0953287071262115E-002
   1172.0000000000000       -2.0876946661217574E-002
   1176.0000000000000       -2.0795202179384145E-002
   1180.0000000000000       -2.0708155553432851E-002
   1184.0000000000000       -2.0616229523403987E-002
   1188.0000000000000       -2.0520134733760208E-002
   1192.0000000000000       -2.0420815757425530E-002
   1196.0000000000000       -2.0319380381077595E-002
   1200.0000000000000       -2.0217017628658927E-002
   1204.0000000000000       -2.0114910713483734E-002
   1208.0000000000000       -2.0014151349255369E-002
   1212.0000000000000       -1.9915661614052563E-002
   1216.0000000000000       -1.9820128881201944E-002
   1220.0000000000000       -1.9727958270538956E-002
   1224.0000000000000       -1.9639245721748470E-002
   1228.0000000000000       -1.9553773254924411E-002
   1232.0000000000000       -1.9471026378091082E-002
   1236.0000000000000       -1.9390232043630998E-002
   1240.0000000000000       -1.9310414153924014E-002
   1244.0000000000000       -1.9230462464340882E-002
   1248.0000000000000       -1.9149209901148229E-002
   1252.0000000000000       -1.9065512849626091E-002
   1256.0000000000000       -1.8978328893004100E-002
   1260.0000000000000       -1.8886786787330013E-002
   1264.0000000000000       -1.8790244106947823E-002
   1268.0000000000000       -1.8688328933521306E-002
   1272.0000000000000       -1.8580963114772042E-002
   1276.0000000000000       -1.8468365902134107E-002
   1280.0000000000000       -1.8351038098973285E-002
   1284.0000000000000       -1.8229728123714428E-002
   1288.0000000000000       -1.8105382533083227E-002
   1292.0000000000000       -1.7979084489860450E-002
   1296.0000000000000       -1.7851984343533855E-002
   1300.0000000000000       -1.7725226886463271E-002
   1304.0000000000000       -1.7599879938448811E-002
   1308.0000000000000       -1.7476868704958085E-002
   1312.0000000000000       -1.7356919873582250E-002
   1316.0000000000000       -1.7240518700712328E-002
   1320.0000000000000       -1.7127881449872859E-002
   1324.0000000000000       -1.7018944537289245E-002
   1328.0000000000000       -1.6913370686004386E-002
   1332.0000000000000       -1.6810571354002591E-002
   1336.0000000000000       -1.6709743746804732E-002
   1340.0000000000000       -1.6609919905392383E-002
   1344.0000000000000       -1.6510024719722426E-002
   1348.0000000000000       -1.6408939287177318E-002
   1352.0000000000000       -1.6305565830593661E-002
   1356.0000000000000       -1.6198890414240132E-002
   1360.0000000000000       -1.6088039936828290E-002
   1364.0000000000000       -1.5972330314682873E-002
   1368.0000000000000       -1.5851303361833043E-002
   1372.0000000000000       -1.5724750585736677E-002
   1376.0000000000000       -1.5592722901685979E-002
   1380.0000000000000       -1.5455526077998018E-002
   1384.0000000000000       -1.5313702511348603E-002
   1388.0000000000000       -1.5168000654277928E-002
   1392.0000000000000       -1.5019334038139548E-002
   1396.0000000000000       -1.4868732325417645E-002
   1400.0000000000000       -1.4717287165074356E-002
   1404.0000000000000       -1.4566095802495790E-002
   1408.0000000000000       -1.4416205410212242E-002
   1412.0000000000000       -1.4268560964309127E-002
   1416.0000000000000       -1.4123959209700082E-002
   1420.0000000000000       -1.3983010857157292E-002
   1424.0000000000000       -1.3846112663121196E-002
   1428.0000000000000       -1.3713430489979379E-002
   1432.0000000000000       -1.3584893861226976E-002
   1436.0000000000000       -1.3460201943857183E-002
   1440.0000000000000       -1.3338840338649890E-002
   1444.0000000000000       -1.3220107563555718E-002
   1448.0000000000000       -1.3103149697468336E-002
   1452.0000000000000       -1.2987001327467140E-002
   1456.0000000000000       -1.2870630722535185E-002
   1460.0000000000000       -1.2752987045436939E-002
   1464.0000000000000       -1.2633047410887794E-002
   1468.0000000000000       -1.2509861696212675E-002
   1472.0000000000000       -1.2382593199734945E-002
   1476.0000000000000       -1.2250553507911209E-002
   1480.0000000000000       -1.2113230257817423E-002
   1484.0000000000000       -1.1970306848434935E-002
   1488.0000000000000       -1.1821673543108178E-002
   1492.0000000000000       -1.1667429797695890E-002
   1496.0000000000000       -1.1507878026654735E-002
   1500.0000000000000       -1.1343509366863683E-002
   1504.0000000000000       -1.1174982303182328E-002
   1508.0000000000000       -1.1003095270237443E-002
   1512.0000000000000       -1.0828754534566132E-002
   1516.0000000000000       -1.0652938786076704E-002
   1520.0000000000000       -1.0476661926963581E-002
   1524.0000000000000       -1.0300935541820563E-002
   1528.0000000000000       -1.0126732469341534E-002
   1532.0000000000000       -9.9549527804687829E-003
   1536.0000000000000       -9.7863933085475582E-003
   1540.0000000000000       -9.6217216835652580E-003
   1544.0000000000000       -9.4614556050890315E-003
   1548.0000000000000       -9.3059478574345524E-003
   1552.0000000000000       -9.1553773359382487E-003
   1556.0000000000000       -9.0097461243260936E-003
   1560.0000000000000       -8.8688824483940786E-003
   1564.0000000000000       -8.7324491375884612E-003
   1568.0000000000000       -8.5999570592163576E-003
   1572.0000000000000       -8.4707828539940019E-003
   1576.0000000000000       -8.3441901989834144E-003
   1580.0000000000000       -8.2193537556919591E-003
   1584.0000000000000       -8.0953849268401122E-003
   1588.0000000000000       -7.9713585434149966E-003
   1592.0000000000000       -7.8463396314460247E-003
   1596.0000000000000       -7.7194094619276211E-003
   1600.0000000000000       -7.5896901633279949E-003
   1604.0000000000000       -7.4563672695958311E-003
   1608.0000000000000       -7.3187096827675244E-003
   1612.0000000000000       -7.1760866434440653E-003
   1616.0000000000000       -7.0279814199936492E-003
   1620.0000000000000       -6.8740015441326810E-003
   1624.0000000000000       -6.7138855327643545E-003
   1628.0000000000000       -6.5475061403904508E-003
   1632.0000000000000       -6.3748702804362553E-003
   1636.0000000000000       -6.1961158354282252E-003
   1640.0000000000000       -6.0115056437754881E-003
   1644.0000000000000       -5.8214190041634356E-003
   1648.0000000000000       -5.6263410770630235E-003
   1652.0000000000000       -5.4268505869063642E-003
   1656.0000000000000       -5.2236062388118232E-003
   1660.0000000000000       -5.0173322614740336E-003
   1664.0000000000000       -4.8088034743415976E-003
   1668.0000000000000       -4.5988302540814563E-003
   1672.0000000000000       -4.3882437442807646E-003
   1676.0000000000000       -4.1778816151243955E-003
   1680.0000000000000       -3.9685746381617950E-003
   1684.0000000000000       -3.7611342969186136E-003
   1688.0000000000000       -3.5563416085800841E-003
   1692.0000000000000       -3.3549372866923141E-003
   1696.0000000000000       -3.1576133310284825E-003
   1700.0000000000000       -2.9650060894908102E-003
   1704.0000000000000       -2.7776907990082968E-003
   1708.0000000000000       -2.5961775784798472E-003
   1712.0000000000000       -2.4209088173422987E-003
   1716.0000000000000       -2.2522578785721826E-003
   1720.0000000000000       -2.0905290149463513E-003
   1724.0000000000000       -1.9359583821302088E-003
   1728.0000000000000       -1.7887160214513287E-003
   1732.0000000000000       -1.6489086787584268E-003
   1736.0000000000000       -1.5165833231953428E-003
   1740.0000000000000       -1.3917312306069047E-003
   1744.0000000000000       -1.2742925001743568E-003
   1748.0000000000000       -1.1641608792674998E-003
   1752.0000000000000       -1.0611887799124053E-003
   1756.0000000000000       -9.6519238023534454E-004
   1760.0000000000000       -8.7595671530346251E-004
   1764.0000000000000       -7.9324067352616384E-004
   1768.0000000000000       -7.1678182683316280E-004
   1772.0000000000000       -6.4630103487375878E-004
   1776.0000000000000       -5.8150677520603508E-004
   1780.0000000000000       -5.2209916263001724E-004
   1784.0000000000000       -4.6777363127889352E-004
   1788.0000000000000       -4.1822426267720819E-004
   1792.0000000000000       -3.7314675160595524E-004
   1796.0000000000000       -3.3224100922333747E-004
   1800.0000000000000       -2.9521340945070788E-004
   1804.0000000000000       -2.6177869015206603E-004
   1808.0000000000000       -2.3166152514055116E-004
   1812.0000000000000       -2.0459778658842007E-004
   1816.0000000000000       -1.8033552006191668E-004
   1820.0000000000000       -1.5863565622783069E-004
   1824.0000000000000       -1.3927248436797871E-004
   1828.0000000000000       -1.2203391328093637E-004
   1832.0000000000000       -1.0672154503687677E-004
   1836.0000000000000       -9.3150586470175267E-005
   1840.0000000000000       -8.1149622331076570E-005
   1844.0000000000000       -7.0560272752625067E-005
   1848.0000000000000       -6.1236756196559873E-005
   1852.0000000000000       -5.3045377389427459E-005
   1856.0000000000000       -4.5863958007594672E-005
   1860.0000000000000       -3.9581226069341977E-005
   1864.0000000000000       -3.4096178188396337E-005
   1868.0000000000000       -2.9317427073140033E-005
   1872.0000000000000       -2.5162544949448658E-005
   1876.0000000000000       -2.1557411966146693E-005
   1880.0000000000000       -1.8435577127971019E-005
   1884.0000000000000       -1.5737637903950933E-005
   1888.0000000000000       -1.3410643386758643E-005
   1892.0000000000000       -1.1407524734398569E-005
   1896.0000000000000       -9.6865556097135227E-006
   1900.0000000000000       -8.2108444429562895E-006
   1904.0000000000000       -6.9478595732746866E-006
   1908.0000000000000       -5.8689876698255828E-006
   1912.0000000000000       -4.9491252846194907E-006
   1916.0000000000000       -4.1663029385016761E-006
   1920.0000000000000       -3.5013407798288777E-006
   1924.0000000000000       -2.9375345731592864E-006
   1928.0000000000000       -2.4603705634486478E-006
   1932.0000000000000       -2.0572676109185329E-006
   1936.0000000000000       -1.7173448944106825E-006
   1940.0000000000000       -1.4312134286800842E-006
   1944.0000000000000       -1.1907896263040765E-006
   1948.0000000000000       -9.8912915095932755E-007
   1952.0000000000000       -8.2027934965726321E-007
   1956.0000000000000       -6.7914861173383560E-007
   1960.0000000000000       -5.6139107721244398E-007
   1964.0000000000000       -4.6330520248850767E-007
   1968.0000000000000       -3.8174478360234992E-007
   1972.0000000000000       -3.1404113370947009E-007
   1976.0000000000000       -2.5793520926600347E-007
   1980.0000000000000       -2.1151857691998231E-007
   1984.0000000000000       -1.7318220854121579E-007
   1988.0000000000000       -1.4157218399744789E-007
   1992.0000000000000       -1.1555146926619681E-007
   1996.0000000000000       -9.4167020601419272E-008
   2000.0000000000000       -7.6621543318339684E-008
